1	-2993.05	-2993.05	-2991.66	-2985.78
2	-2993.05	-2993.05	-2993.05	-2991.45
3	-2993.05	-2993.05	-2993.05	-2991.74
4	-2993.05	-2993.05	-2993.05	-2993.05
5	-2993.05	-2993.05	-2993.05	-2993.05
6	-2993.05	-2993.05	-2993.05	-2993.05
7	-2993.05	-2993.05	-2993.05	-2993.05
8	-2993.05	-2993.05	-2993.05	-2993.05
9	-2993.05	-2993.05	-2993.05	-2993.05
10	-2993.05	-2993.05	-2993.05	-2993.05
11	-2993.05	-2993.05	-2993.05	-2993.05
12	-2993.05	-2993.05	-2993.05	-2993.05
13	-2993.05	-2993.05	-2993.05	-2993.05
14	-2993.05	-2993.05	-2993.05	-2993.05
15	-2993.05	-2993.05	-2993.05	-2993.05
16	-2993.05	-2993.05	-2993.05	-2993.05
17	-2993.05	-2993.05	-2993.05	-2993.05
18	-2993.05	-2993.05	-2993.05	-2993.05
19	-2993.05	-2993.05	-2993.05	-2993.05
20	-2993.05	-2993.05	-2993.05	-2993.05
21	-2993.05	-2993.05	-2993.05	-2993.05
22	-2993.05	-2993.05	-2993.05	-2993.05
23	-2993.05	-2993.05	-2993.05	-2993.05
24	-2993.05	-2993.05	-2993.05	-2993.05
25	-2993.05	-2993.05	-2993.05	-2993.05
26	-2993.05	-2993.05	-2993.05	-2993.05
27	-2993.05	-2993.05	-2993.05	-2993.05
28	-2993.05	-2993.05	-2993.05	-2993.05
29	-2993.05	-2993.05	-2993.05	-2993.05
30	-2993.05	-2993.05	-2993.05	-2993.05
31	-2993.05	-2993.05	-2993.05	-2993.05
32	-2993.05	-2993.05	-2993.05	-2993.05
33	-2993.05	-2993.05	-2993.05	-2993.05
34	-2993.05	-2993.05	-2993.05	-2993.05
35	-2993.05	-2993.05	-2993.05	-2993.05
36	-2993.05	-2993.05	-2993.05	-2993.05
37	-2993.05	-2993.05	-2993.05	-2993.05
38	-2993.05	-2993.05	-2993.05	-2993.05
39	-2993.05	-2993.05	-2993.05	-2993.05
40	-2993.05	-2993.05	-2993.05	-2993.05
41	-2993.05	-2993.05	-2993.05	-2993.05
42	-2993.05	-2993.05	-2993.05	-2993.05
43	-2993.05	-2993.05	-2993.05	-2993.05
44	-2993.05	-2993.05	-2993.05	-2993.05
45	-2993.05	-2993.05	-2993.05	-2993.05
46	-2993.05	-2993.05	-2993.05	-2993.05
47	-2993.05	-2993.05	-2993.05	-2993.05
48	-2993.05	-2993.05	-2993.05	-2993.05
49	-2993.05	-2993.05	-2993.05	-2993.05
50	-2993.05	-2993.05	-2993.05	-2993.05
51	-2993.05	-2993.05	-2993.05	-2993.05
52	-2993.05	-2993.05	-2993.05	-2993.05
53	-2993.05	-2993.05	-2993.05	-2993.05
54	-2993.05	-2993.05	-2993.05	-2993.05
55	-2993.05	-2993.05	-2993.05	-2993.05
56	-2993.05	-2993.05	-2993.05	-2993.05
57	-2993.05	-2993.05	-2993.05	-2993.05
58	-2993.05	-2993.05	-2993.05	-2993.05
59	-2993.05	-2993.05	-2993.05	-2993.05
60	-2993.05	-2993.05	-2993.05	-2993.05
61	-2993.05	-2993.05	-2993.05	-2993.05
62	-2993.05	-2993.05	-2993.05	-2993.05
63	-2993.05	-2993.05	-2993.05	-2993.05
64	-2993.05	-2993.05	-2993.05	-2993.05
65	-2993.05	-2993.05	-2993.05	-2993.05
66	-2993.05	-2993.05	-2993.05	-2993.05
67	-2993.05	-2993.05	-2993.05	-2993.05
68	-2993.05	-2993.05	-2993.05	-2993.05
69	-2993.05	-2993.05	-2993.05	-2993.05
70	-2993.05	-2993.05	-2993.05	-2993.05
71	-2993.05	-2993.05	-2993.05	-2993.05
72	-2993.05	-2993.05	-2993.05	-2993.05
73	-2993.05	-2993.05	-2993.05	-2993.05
74	-2993.05	-2993.05	-2993.05	-2993.05
75	-2993.05	-2993.05	-2993.05	-2993.05
76	-2993.05	-2993.05	-2993.05	-2993.05
77	-2993.05	-2993.05	-2993.05	-2993.05
78	-2993.05	-2993.05	-2993.05	-2993.05
79	-2993.05	-2993.05	-2993.05	-2993.05
80	-2993.05	-2993.05	-2993.05	-2993.05
81	-2993.05	-2993.05	-2993.05	-2993.05
82	-2993.05	-2993.05	-2993.05	-2993.05
83	-2993.05	-2993.05	-2993.05	-2993.05
84	-2993.05	-2993.05	-2993.05	-2993.05
85	-2993.05	-2993.05	-2993.05	-2993.05
86	-2993.05	-2993.05	-2993.05	-2993.05
87	-2993.05	-2993.05	-2993.05	-2993.05
88	-2993.05	-2993.05	-2993.05	-2993.05
89	-2993.05	-2993.05	-2993.05	-2993.05
90	-2993.05	-2993.05	-2993.05	-2993.05
91	-2993.05	-2993.05	-2993.05	-2993.05
92	-2993.05	-2993.05	-2993.05	-2993.05
93	-2993.05	-2993.05	-2993.05	-2993.05
94	-2993.05	-2993.05	-2993.05	-2993.05
95	-2993.05	-2993.05	-2993.05	-2993.05
96	-2993.05	-2993.05	-2993.05	-2993.05
97	-2993.05	-2993.05	-2993.05	-2993.05
98	-2993.05	-2993.05	-2993.05	-2993.05
99	-2993.05	-2993.05	-2993.05	-2993.05
100	-2993.05	-2993.05	-2993.05	-2993.05
1	-2993.05	-2993.05	-2993.05	-2993.05
2	-2993.05	-2993.05	-2993.05	-2993.05
3	-2993.05	-2993.05	-2993.05	-2993.05
4	-2993.05	-2993.05	-2993.05	-2993.05
5	-2993.05	-2993.05	-2993.05	-2993.05
6	-2993.05	-2993.05	-2993.05	-2993.05
7	-2993.05	-2993.05	-2993.05	-2993.05
8	-2993.05	-2993.05	-2993.05	-2993.05
9	-2993.05	-2993.05	-2993.05	-2993.05
10	-2993.05	-2993.05	-2993.05	-2993.05
11	-2993.05	-2993.05	-2993.05	-2993.05
12	-2993.05	-2993.05	-2993.05	-2993.05
13	-2993.05	-2993.05	-2993.05	-2993.05
14	-2993.05	-2993.05	-2993.05	-2993.05
15	-2993.05	-2993.05	-2993.05	-2993.05
16	-2993.05	-2993.05	-2993.05	-2993.05
17	-2993.05	-2993.05	-2993.05	-2993.05
18	-2993.05	-2993.05	-2993.05	-2993.05
19	-2993.05	-2993.05	-2993.05	-2993.05
20	-2993.05	-2993.05	-2993.05	-2993.05
21	-2993.05	-2993.05	-2993.05	-2993.05
22	-2993.05	-2993.05	-2993.05	-2993.05
23	-2993.05	-2993.05	-2993.05	-2993.05
24	-2993.05	-2993.05	-2993.05	-2993.05
25	-2993.05	-2993.05	-2993.05	-2993.05
26	-2993.05	-2993.05	-2993.05	-2993.05
27	-2993.05	-2993.05	-2993.05	-2993.05
28	-2993.05	-2993.05	-2993.05	-2993.05
29	-2993.05	-2993.05	-2993.05	-2993.05
30	-2993.05	-2993.05	-2993.05	-2993.05
31	-2993.05	-2993.05	-2993.05	-2993.05
32	-2993.05	-2993.05	-2993.05	-2993.05
33	-2993.05	-2993.05	-2993.05	-2993.05
34	-2993.05	-2993.05	-2993.05	-2993.05
35	-2993.05	-2993.05	-2993.05	-2993.05
36	-2993.05	-2993.05	-2993.05	-2993.05
37	-2993.05	-2993.05	-2993.05	-2993.05
38	-2993.05	-2993.05	-2993.05	-2993.05
39	-2993.05	-2993.05	-2993.05	-2993.05
40	-2993.05	-2993.05	-2993.05	-2993.05
41	-2993.05	-2993.05	-2993.05	-2993.05
42	-2993.05	-2993.05	-2993.05	-2993.05
43	-2993.05	-2993.05	-2993.05	-2993.05
44	-2993.05	-2993.05	-2993.05	-2993.05
45	-2993.05	-2993.05	-2993.05	-2993.05
46	-2993.05	-2993.05	-2993.05	-2993.05
47	-2993.05	-2993.05	-2993.05	-2993.05
48	-2993.05	-2993.05	-2993.05	-2993.05
49	-2993.05	-2993.05	-2993.05	-2993.05
50	-2993.05	-2993.05	-2993.05	-2993.05
51	-2993.05	-2993.05	-2993.05	-2993.05
52	-2993.05	-2993.05	-2993.05	-2993.05
53	-2993.05	-2993.05	-2993.05	-2993.05
54	-2993.05	-2993.05	-2993.05	-2993.05
55	-2993.05	-2993.05	-2993.05	-2993.05
56	-2993.05	-2993.05	-2993.05	-2993.05
57	-2993.05	-2993.05	-2993.05	-2993.05
58	-2993.05	-2993.05	-2993.05	-2993.05
59	-2993.05	-2993.05	-2993.05	-2993.05
60	-2993.05	-2993.05	-2993.05	-2993.05
61	-2993.05	-2993.05	-2993.05	-2993.05
62	-2993.05	-2993.05	-2993.05	-2993.05
63	-2993.05	-2993.05	-2993.05	-2993.05
64	-2993.05	-2993.05	-2993.05	-2993.05
65	-2993.05	-2993.05	-2993.05	-2993.05
66	-2993.05	-2993.05	-2993.05	-2993.05
67	-2993.05	-2993.05	-2993.05	-2993.05
68	-2993.05	-2993.05	-2993.05	-2993.05
69	-2993.05	-2993.05	-2993.05	-2993.05
70	-2993.05	-2993.05	-2993.05	-2993.05
71	-2993.05	-2993.05	-2993.05	-2993.05
72	-2993.05	-2993.05	-2993.05	-2993.05
73	-2993.05	-2993.05	-2993.05	-2993.05
74	-2993.05	-2993.05	-2993.05	-2993.05
75	-2993.05	-2993.05	-2993.05	-2993.05
76	-2993.05	-2993.05	-2993.05	-2993.05
77	-2993.05	-2993.05	-2993.05	-2993.05
78	-2993.05	-2993.05	-2993.05	-2993.05
79	-2993.05	-2993.05	-2993.05	-2993.05
80	-2993.05	-2993.05	-2993.05	-2993.05
81	-2993.05	-2993.05	-2993.05	-2993.05
82	-2993.05	-2993.05	-2993.05	-2993.05
83	-2993.05	-2993.05	-2993.05	-2993.05
84	-2993.05	-2993.05	-2993.05	-2993.05
85	-2993.05	-2993.05	-2993.05	-2993.05
86	-2993.05	-2993.05	-2993.05	-2993.05
87	-2993.05	-2993.05	-2993.05	-2993.05
88	-2993.05	-2993.05	-2993.05	-2993.05
89	-2993.05	-2993.05	-2993.05	-2993.05
90	-2993.05	-2993.05	-2993.05	-2993.05
91	-2993.05	-2993.05	-2993.05	-2993.05
92	-2993.05	-2993.05	-2993.05	-2993.05
93	-2993.05	-2993.05	-2993.05	-2993.05
94	-2993.05	-2993.05	-2993.05	-2993.05
95	-2993.05	-2993.05	-2993.05	-2993.05
96	-2993.05	-2993.05	-2993.05	-2993.05
97	-2993.05	-2993.05	-2993.05	-2993.05
98	-2993.05	-2993.05	-2993.05	-2993.05
99	-2993.05	-2993.05	-2993.05	-2993.05
100	-2993.05	-2993.05	-2993.05	-2993.05
1	-2993.05	-2993.05	-2993.05	-2991.66
2	-2993.05	-2993.05	-2993.05	-2993.05
3	-2993.05	-2993.05	-2993.05	-2993.05
4	-2993.05	-2993.05	-2993.05	-2993.05
5	-2993.05	-2993.05	-2993.05	-2993.05
6	-2993.05	-2993.05	-2993.05	-2993.05
7	-2993.05	-2993.05	-2993.05	-2993.05
8	-2993.05	-2993.05	-2993.05	-2993.05
9	-2993.05	-2993.05	-2993.05	-2993.05
10	-2993.05	-2993.05	-2993.05	-2993.05
11	-2993.05	-2993.05	-2993.05	-2993.05
12	-2993.05	-2993.05	-2993.05	-2993.05
13	-2993.05	-2993.05	-2993.05	-2993.05
14	-2993.05	-2993.05	-2993.05	-2993.05
15	-2993.05	-2993.05	-2993.05	-2993.05
16	-2993.05	-2993.05	-2993.05	-2993.05
17	-2993.05	-2993.05	-2993.05	-2993.05
18	-2993.05	-2993.05	-2993.05	-2993.05
19	-2993.05	-2993.05	-2993.05	-2993.05
20	-2993.05	-2993.05	-2993.05	-2993.05
21	-2993.05	-2993.05	-2993.05	-2993.05
22	-2993.05	-2993.05	-2993.05	-2993.05
23	-2993.05	-2993.05	-2993.05	-2993.05
24	-2993.05	-2993.05	-2993.05	-2993.05
25	-2993.05	-2993.05	-2993.05	-2993.05
26	-2993.05	-2993.05	-2993.05	-2993.05
27	-2993.05	-2993.05	-2993.05	-2993.05
28	-2993.05	-2993.05	-2993.05	-2993.05
29	-2993.05	-2993.05	-2993.05	-2993.05
30	-2993.05	-2993.05	-2993.05	-2993.05
31	-2993.05	-2993.05	-2993.05	-2993.05
32	-2993.05	-2993.05	-2993.05	-2993.05
33	-2993.05	-2993.05	-2993.05	-2993.05
34	-2993.05	-2993.05	-2993.05	-2993.05
35	-2993.05	-2993.05	-2993.05	-2993.05
36	-2993.05	-2993.05	-2993.05	-2993.05
37	-2993.05	-2993.05	-2993.05	-2993.05
38	-2993.05	-2993.05	-2993.05	-2993.05
39	-2993.05	-2993.05	-2993.05	-2993.05
40	-2993.05	-2993.05	-2993.05	-2993.05
41	-2993.05	-2993.05	-2993.05	-2993.05
42	-2993.05	-2993.05	-2993.05	-2993.05
43	-2993.05	-2993.05	-2993.05	-2993.05
44	-2993.05	-2993.05	-2993.05	-2993.05
45	-2993.05	-2993.05	-2993.05	-2993.05
46	-2993.05	-2993.05	-2993.05	-2993.05
47	-2993.05	-2993.05	-2993.05	-2993.05
48	-2993.05	-2993.05	-2993.05	-2993.05
49	-2993.05	-2993.05	-2993.05	-2993.05
50	-2993.05	-2993.05	-2993.05	-2993.05
51	-2993.05	-2993.05	-2993.05	-2993.05
52	-2993.05	-2993.05	-2993.05	-2993.05
53	-2993.05	-2993.05	-2993.05	-2993.05
54	-2993.05	-2993.05	-2993.05	-2993.05
55	-2993.05	-2993.05	-2993.05	-2993.05
56	-2993.05	-2993.05	-2993.05	-2993.05
57	-2993.05	-2993.05	-2993.05	-2993.05
58	-2993.05	-2993.05	-2993.05	-2993.05
59	-2993.05	-2993.05	-2993.05	-2993.05
60	-2993.05	-2993.05	-2993.05	-2993.05
61	-2993.05	-2993.05	-2993.05	-2993.05
62	-2993.05	-2993.05	-2993.05	-2993.05
63	-2993.05	-2993.05	-2993.05	-2993.05
64	-2993.05	-2993.05	-2993.05	-2993.05
65	-2993.05	-2993.05	-2993.05	-2993.05
66	-2993.05	-2993.05	-2993.05	-2993.05
67	-2993.05	-2993.05	-2993.05	-2993.05
68	-2993.05	-2993.05	-2993.05	-2993.05
69	-2993.05	-2993.05	-2993.05	-2993.05
70	-2993.05	-2993.05	-2993.05	-2993.05
71	-2993.05	-2993.05	-2993.05	-2993.05
72	-2993.05	-2993.05	-2993.05	-2993.05
73	-2993.05	-2993.05	-2993.05	-2993.05
74	-2993.05	-2993.05	-2993.05	-2993.05
75	-2993.05	-2993.05	-2993.05	-2993.05
76	-2993.05	-2993.05	-2993.05	-2993.05
77	-2993.05	-2993.05	-2993.05	-2993.05
78	-2993.05	-2993.05	-2993.05	-2993.05
79	-2993.05	-2993.05	-2993.05	-2993.05
80	-2993.05	-2993.05	-2993.05	-2993.05
81	-2993.05	-2993.05	-2993.05	-2993.05
82	-2993.05	-2993.05	-2993.05	-2993.05
83	-2993.05	-2993.05	-2993.05	-2993.05
84	-2993.05	-2993.05	-2993.05	-2993.05
85	-2993.05	-2993.05	-2993.05	-2993.05
86	-2993.05	-2993.05	-2993.05	-2993.05
87	-2993.05	-2993.05	-2993.05	-2993.05
88	-2993.05	-2993.05	-2993.05	-2993.05
89	-2993.05	-2993.05	-2993.05	-2993.05
90	-2993.05	-2993.05	-2993.05	-2993.05
91	-2993.05	-2993.05	-2993.05	-2993.05
92	-2993.05	-2993.05	-2993.05	-2993.05
93	-2993.05	-2993.05	-2993.05	-2993.05
94	-2993.05	-2993.05	-2993.05	-2993.05
95	-2993.05	-2993.05	-2993.05	-2993.05
96	-2993.05	-2993.05	-2993.05	-2993.05
97	-2993.05	-2993.05	-2993.05	-2993.05
98	-2993.05	-2993.05	-2993.05	-2993.05
99	-2993.05	-2993.05	-2993.05	-2993.05
100	-2993.05	-2993.05	-2993.05	-2993.05
