1	-3029.86	-3029.11	-3029.86	-3029.86
2	-3029.86	-3029.11	-3029.86	-3029.86
3	-3029.86	-3029.11	-3029.86	-3029.86
4	-3029.86	-3029.11	-3029.86	-3029.86
5	-3029.86	-3029.11	-3029.86	-3029.86
6	-3029.86	-3029.11	-3029.86	-3029.86
7	-3029.86	-3029.11	-3029.86	-3029.86
8	-3029.86	-3029.11	-3029.86	-3029.86
9	-3029.86	-3029.11	-3029.86	-3029.86
10	-3029.86	-3029.86	-3029.86	-3029.86
11	-3029.86	-3029.86	-3029.86	-3029.86
12	-3029.86	-3029.86	-3029.86	-3029.86
13	-3029.86	-3029.86	-3029.86	-3029.86
14	-3029.86	-3029.86	-3029.86	-3029.86
15	-3029.86	-3029.86	-3029.86	-3029.86
16	-3029.86	-3029.86	-3029.86	-3029.86
17	-3029.86	-3029.86	-3029.86	-3029.86
18	-3029.86	-3029.86	-3029.86	-3029.86
19	-3029.86	-3029.86	-3029.86	-3029.86
20	-3029.86	-3029.86	-3029.86	-3029.86
21	-3029.86	-3029.86	-3029.86	-3029.86
22	-3029.86	-3029.86	-3029.86	-3029.86
23	-3029.86	-3029.86	-3029.86	-3029.86
24	-3029.86	-3029.86	-3029.86	-3029.86
25	-3029.86	-3029.86	-3029.86	-3029.86
26	-3029.86	-3029.86	-3029.86	-3029.86
27	-3029.86	-3029.86	-3029.86	-3029.86
28	-3029.86	-3029.86	-3029.86	-3029.86
29	-3029.86	-3029.86	-3029.86	-3029.86
30	-3029.86	-3029.86	-3029.86	-3029.86
31	-3029.86	-3029.86	-3029.86	-3029.86
32	-3029.86	-3029.86	-3029.86	-3029.86
33	-3029.86	-3029.86	-3029.86	-3029.86
34	-3029.86	-3029.86	-3029.86	-3029.86
35	-3029.86	-3029.86	-3029.86	-3029.86
36	-3029.86	-3029.86	-3029.86	-3029.86
37	-3029.86	-3029.86	-3029.86	-3029.86
38	-3029.86	-3029.86	-3029.86	-3029.86
39	-3029.86	-3029.86	-3029.86	-3029.86
40	-3029.86	-3029.86	-3029.86	-3029.86
41	-3029.86	-3029.86	-3029.86	-3029.86
42	-3029.86	-3029.86	-3029.86	-3029.86
43	-3029.86	-3029.86	-3029.86	-3029.86
44	-3029.86	-3029.86	-3029.86	-3029.86
45	-3029.86	-3029.86	-3029.86	-3029.86
46	-3029.86	-3029.86	-3029.86	-3029.86
47	-3029.86	-3029.86	-3029.86	-3029.86
48	-3029.86	-3029.86	-3029.86	-3029.86
49	-3029.86	-3029.86	-3029.86	-3029.86
50	-3029.86	-3029.86	-3029.86	-3029.86
51	-3029.86	-3029.86	-3029.86	-3029.86
52	-3029.86	-3029.86	-3029.86	-3029.86
53	-3029.86	-3029.86	-3029.86	-3029.86
54	-3029.86	-3029.86	-3029.86	-3029.86
55	-3029.86	-3029.86	-3029.86	-3029.86
56	-3029.86	-3029.86	-3029.86	-3029.86
57	-3029.86	-3029.86	-3029.86	-3029.86
58	-3029.86	-3029.86	-3029.86	-3029.86
59	-3029.86	-3029.86	-3029.86	-3029.86
60	-3029.86	-3029.86	-3029.86	-3029.86
61	-3029.86	-3029.86	-3029.86	-3029.86
62	-3029.86	-3029.86	-3029.86	-3029.86
63	-3029.86	-3029.86	-3029.86	-3029.86
64	-3029.86	-3029.86	-3029.86	-3029.86
65	-3029.86	-3029.86	-3029.86	-3029.86
66	-3029.86	-3029.86	-3029.86	-3029.86
67	-3029.86	-3029.86	-3029.86	-3029.86
68	-3029.86	-3029.86	-3029.86	-3029.86
69	-3029.86	-3029.86	-3029.86	-3029.86
70	-3029.86	-3029.86	-3029.86	-3029.86
71	-3029.86	-3029.86	-3029.86	-3029.86
72	-3029.86	-3029.86	-3029.86	-3029.86
73	-3029.86	-3029.86	-3029.86	-3029.86
74	-3029.86	-3029.86	-3029.86	-3029.86
75	-3029.86	-3029.86	-3029.86	-3029.86
76	-3029.86	-3029.86	-3029.86	-3029.86
77	-3029.86	-3029.86	-3029.86	-3029.86
78	-3029.86	-3029.86	-3029.86	-3029.86
79	-3029.86	-3029.86	-3029.86	-3029.86
80	-3029.86	-3029.86	-3029.86	-3029.86
81	-3029.86	-3029.86	-3029.86	-3029.86
82	-3029.86	-3029.86	-3029.86	-3029.86
83	-3029.86	-3029.86	-3029.86	-3029.86
84	-3029.86	-3029.86	-3029.86	-3029.86
85	-3029.86	-3029.86	-3029.86	-3029.86
86	-3029.86	-3029.86	-3029.86	-3029.86
87	-3029.86	-3029.86	-3029.86	-3029.86
88	-3029.86	-3029.86	-3029.86	-3029.86
89	-3029.86	-3029.86	-3029.86	-3029.86
90	-3029.86	-3029.86	-3029.86	-3029.86
91	-3029.86	-3029.86	-3029.86	-3029.86
92	-3029.86	-3029.86	-3029.86	-3029.86
93	-3029.86	-3029.86	-3029.86	-3029.86
94	-3029.86	-3029.86	-3029.86	-3029.86
95	-3029.86	-3029.86	-3029.86	-3029.86
96	-3029.86	-3029.86	-3029.86	-3029.86
97	-3029.86	-3029.86	-3029.86	-3029.86
98	-3029.86	-3029.86	-3029.86	-3029.86
99	-3029.86	-3029.86	-3029.86	-3029.86
100	-3029.86	-3029.86	-3029.86	-3029.86
1	-3029.11	-3028.22	-3029.11	-3006.79
2	-3029.11	-3029.11	-3029.11	-3029.11
3	-3029.11	-3029.11	-3029.11	-3029.11
4	-3029.11	-3029.11	-3029.11	-3029.11
5	-3029.11	-3029.11	-3029.11	-3029.11
6	-3029.86	-3029.86	-3029.86	-3029.11
7	-3029.86	-3029.86	-3029.86	-3029.86
8	-3029.86	-3029.86	-3029.86	-3029.86
9	-3029.86	-3029.86	-3029.86	-3029.86
10	-3029.86	-3029.86	-3029.86	-3029.86
11	-3029.86	-3029.86	-3029.86	-3029.86
12	-3029.86	-3029.86	-3029.86	-3029.86
13	-3029.86	-3029.86	-3029.86	-3029.86
14	-3029.86	-3029.86	-3029.86	-3029.86
15	-3029.86	-3029.86	-3029.86	-3029.86
16	-3029.86	-3029.86	-3029.86	-3029.86
17	-3029.86	-3029.86	-3029.86	-3029.86
18	-3029.86	-3029.86	-3029.86	-3029.86
19	-3029.86	-3029.86	-3029.86	-3029.86
20	-3029.86	-3029.86	-3029.86	-3029.86
21	-3029.86	-3029.86	-3029.86	-3029.86
22	-3029.86	-3029.86	-3029.86	-3029.86
23	-3029.86	-3029.86	-3029.86	-3029.86
24	-3029.86	-3029.86	-3029.86	-3029.86
25	-3029.86	-3029.86	-3029.86	-3029.86
26	-3029.86	-3029.86	-3029.86	-3029.86
27	-3029.86	-3029.86	-3029.86	-3029.86
28	-3029.86	-3029.86	-3029.86	-3029.86
29	-3029.86	-3029.86	-3029.86	-3029.86
30	-3029.86	-3029.86	-3029.86	-3029.86
31	-3029.86	-3029.86	-3029.86	-3029.86
32	-3029.86	-3029.86	-3029.86	-3029.86
33	-3029.86	-3029.86	-3029.86	-3029.86
34	-3029.86	-3029.86	-3029.86	-3029.86
35	-3029.86	-3029.86	-3029.86	-3029.86
36	-3029.86	-3029.86	-3029.86	-3029.86
37	-3029.86	-3029.86	-3029.86	-3029.86
38	-3029.86	-3029.86	-3029.86	-3029.86
39	-3029.86	-3029.86	-3029.86	-3029.86
40	-3029.86	-3029.86	-3029.86	-3029.86
41	-3029.86	-3029.86	-3029.86	-3029.86
42	-3029.86	-3029.86	-3029.86	-3029.86
43	-3029.86	-3029.86	-3029.86	-3029.86
44	-3029.86	-3029.86	-3029.86	-3029.86
45	-3029.86	-3029.86	-3029.86	-3029.86
46	-3029.86	-3029.86	-3029.86	-3029.86
47	-3029.86	-3029.86	-3029.86	-3029.86
48	-3029.86	-3029.86	-3029.86	-3029.86
49	-3029.86	-3029.86	-3029.86	-3029.86
50	-3029.86	-3029.86	-3029.86	-3029.86
51	-3029.86	-3029.86	-3029.86	-3029.86
52	-3029.86	-3029.86	-3029.86	-3029.86
53	-3029.86	-3029.86	-3029.86	-3029.86
54	-3029.86	-3029.86	-3029.86	-3029.86
55	-3029.86	-3029.86	-3029.86	-3029.86
56	-3029.86	-3029.86	-3029.86	-3029.86
57	-3029.86	-3029.86	-3029.86	-3029.86
58	-3029.86	-3029.86	-3029.86	-3029.86
59	-3029.86	-3029.86	-3029.86	-3029.86
60	-3029.86	-3029.86	-3029.86	-3029.86
61	-3029.86	-3029.86	-3029.86	-3029.86
62	-3029.86	-3029.86	-3029.86	-3029.86
63	-3029.86	-3029.86	-3029.86	-3029.86
64	-3029.86	-3029.86	-3029.86	-3029.86
65	-3029.86	-3029.86	-3029.86	-3029.86
66	-3029.86	-3029.86	-3029.86	-3029.86
67	-3029.86	-3029.86	-3029.86	-3029.86
68	-3029.86	-3029.86	-3029.86	-3029.86
69	-3029.86	-3029.86	-3029.86	-3029.86
70	-3029.86	-3029.86	-3029.86	-3029.86
71	-3029.86	-3029.86	-3029.86	-3029.86
72	-3029.86	-3029.86	-3029.86	-3029.86
73	-3029.86	-3029.86	-3029.86	-3029.86
74	-3029.86	-3029.86	-3029.86	-3029.86
75	-3029.86	-3029.86	-3029.86	-3029.86
76	-3029.86	-3029.86	-3029.86	-3029.86
77	-3029.86	-3029.86	-3029.86	-3029.86
78	-3029.86	-3029.86	-3029.86	-3029.86
79	-3029.86	-3029.86	-3029.86	-3029.86
80	-3029.86	-3029.86	-3029.86	-3029.86
81	-3029.86	-3029.86	-3029.86	-3029.86
82	-3029.86	-3029.86	-3029.86	-3029.86
83	-3029.86	-3029.86	-3029.86	-3029.86
84	-3029.86	-3029.86	-3029.86	-3029.86
85	-3029.86	-3029.86	-3029.86	-3029.86
86	-3029.86	-3029.86	-3029.86	-3029.86
87	-3029.86	-3029.86	-3029.86	-3029.86
88	-3029.86	-3029.86	-3029.86	-3029.86
89	-3029.86	-3029.86	-3029.86	-3029.86
90	-3029.86	-3029.86	-3029.86	-3029.86
91	-3029.86	-3029.86	-3029.86	-3029.86
92	-3029.86	-3029.86	-3029.86	-3029.86
93	-3029.86	-3029.86	-3029.86	-3029.86
94	-3029.86	-3029.86	-3029.86	-3029.86
95	-3029.86	-3029.86	-3029.86	-3029.86
96	-3029.86	-3029.86	-3029.86	-3029.86
97	-3029.86	-3029.86	-3029.86	-3029.86
98	-3029.86	-3029.86	-3029.86	-3029.86
99	-3029.86	-3029.86	-3029.86	-3029.86
100	-3029.86	-3029.86	-3029.86	-3029.86
1	-3029.03	-3027.45	-3028.64	-3029.03
2	-3029.11	-3029.11	-3028.64	-3029.03
3	-3029.11	-3029.11	-3029.11	-3029.03
4	-3029.11	-3029.11	-3029.11	-3029.03
5	-3029.11	-3029.11	-3029.11	-3029.03
6	-3029.86	-3029.11	-3029.11	-3029.86
7	-3029.86	-3029.86	-3029.11	-3029.86
8	-3029.86	-3029.86	-3029.11	-3029.86
9	-3029.86	-3029.86	-3029.86	-3029.86
10	-3029.86	-3029.86	-3029.86	-3029.86
11	-3029.86	-3029.86	-3029.86	-3029.86
12	-3029.86	-3029.86	-3029.86	-3029.86
13	-3029.86	-3029.86	-3029.86	-3029.86
14	-3029.86	-3029.86	-3029.86	-3029.86
15	-3029.86	-3029.86	-3029.86	-3029.86
16	-3029.86	-3029.86	-3029.86	-3029.86
17	-3029.86	-3029.86	-3029.86	-3029.86
18	-3029.86	-3029.86	-3029.86	-3029.86
19	-3029.86	-3029.86	-3029.86	-3029.86
20	-3029.86	-3029.86	-3029.86	-3029.86
21	-3029.86	-3029.86	-3029.86	-3029.86
22	-3029.86	-3029.86	-3029.86	-3029.86
23	-3029.86	-3029.86	-3029.86	-3029.86
24	-3029.86	-3029.86	-3029.86	-3029.86
25	-3029.86	-3029.86	-3029.86	-3029.86
26	-3029.86	-3029.86	-3029.86	-3029.86
27	-3029.86	-3029.86	-3029.86	-3029.86
28	-3029.86	-3029.86	-3029.86	-3029.86
29	-3029.86	-3029.86	-3029.86	-3029.86
30	-3029.86	-3029.86	-3029.86	-3029.86
31	-3029.86	-3029.86	-3029.86	-3029.86
32	-3029.86	-3029.86	-3029.86	-3029.86
33	-3029.86	-3029.86	-3029.86	-3029.86
34	-3029.86	-3029.86	-3029.86	-3029.86
35	-3029.86	-3029.86	-3029.86	-3029.86
36	-3029.86	-3029.86	-3029.86	-3029.86
37	-3029.86	-3029.86	-3029.86	-3029.86
38	-3029.86	-3029.86	-3029.86	-3029.86
39	-3029.86	-3029.86	-3029.86	-3029.86
40	-3029.86	-3029.86	-3029.86	-3029.86
41	-3029.86	-3029.86	-3029.86	-3029.86
42	-3029.86	-3029.86	-3029.86	-3029.86
43	-3029.86	-3029.86	-3029.86	-3029.86
44	-3029.86	-3029.86	-3029.86	-3029.86
45	-3029.86	-3029.86	-3029.86	-3029.86
46	-3029.86	-3029.86	-3029.86	-3029.86
47	-3029.86	-3029.86	-3029.86	-3029.86
48	-3029.86	-3029.86	-3029.86	-3029.86
49	-3029.86	-3029.86	-3029.86	-3029.86
50	-3029.86	-3029.86	-3029.86	-3029.86
51	-3029.86	-3029.86	-3029.86	-3029.86
52	-3029.86	-3029.86	-3029.86	-3029.86
53	-3029.86	-3029.86	-3029.86	-3029.86
54	-3029.86	-3029.86	-3029.86	-3029.86
55	-3029.86	-3029.86	-3029.86	-3029.86
56	-3029.86	-3029.86	-3029.86	-3029.86
57	-3029.86	-3029.86	-3029.86	-3029.86
58	-3029.86	-3029.86	-3029.86	-3029.86
59	-3029.86	-3029.86	-3029.86	-3029.86
60	-3029.86	-3029.86	-3029.86	-3029.86
61	-3029.86	-3029.86	-3029.86	-3029.86
62	-3029.86	-3029.86	-3029.86	-3029.86
63	-3029.86	-3029.86	-3029.86	-3029.86
64	-3029.86	-3029.86	-3029.86	-3029.86
65	-3029.86	-3029.86	-3029.86	-3029.86
66	-3029.86	-3029.86	-3029.86	-3029.86
67	-3029.86	-3029.86	-3029.86	-3029.86
68	-3029.86	-3029.86	-3029.86	-3029.86
69	-3029.86	-3029.86	-3029.86	-3029.86
70	-3029.86	-3029.86	-3029.86	-3029.86
71	-3029.86	-3029.86	-3029.86	-3029.86
72	-3029.86	-3029.86	-3029.86	-3029.86
73	-3029.86	-3029.86	-3029.86	-3029.86
74	-3029.86	-3029.86	-3029.86	-3029.86
75	-3029.86	-3029.86	-3029.86	-3029.86
76	-3029.86	-3029.86	-3029.86	-3029.86
77	-3029.86	-3029.86	-3029.86	-3029.86
78	-3029.86	-3029.86	-3029.86	-3029.86
79	-3029.86	-3029.86	-3029.86	-3029.86
80	-3029.86	-3029.86	-3029.86	-3029.86
81	-3029.86	-3029.86	-3029.86	-3029.86
82	-3029.86	-3029.86	-3029.86	-3029.86
83	-3029.86	-3029.86	-3029.86	-3029.86
84	-3029.86	-3029.86	-3029.86	-3029.86
85	-3029.86	-3029.86	-3029.86	-3029.86
86	-3029.86	-3029.86	-3029.86	-3029.86
87	-3029.86	-3029.86	-3029.86	-3029.86
88	-3029.86	-3029.86	-3029.86	-3029.86
89	-3029.86	-3029.86	-3029.86	-3029.86
90	-3029.86	-3029.86	-3029.86	-3029.86
91	-3029.86	-3029.86	-3029.86	-3029.86
92	-3029.86	-3029.86	-3029.86	-3029.86
93	-3029.86	-3029.86	-3029.86	-3029.86
94	-3029.86	-3029.86	-3029.86	-3029.86
95	-3029.86	-3029.86	-3029.86	-3029.86
96	-3029.86	-3029.86	-3029.86	-3029.86
97	-3029.86	-3029.86	-3029.86	-3029.86
98	-3029.86	-3029.86	-3029.86	-3029.86
99	-3029.86	-3029.86	-3029.86	-3029.86
100	-3029.86	-3029.86	-3029.86	-3029.86
