1	-9641.12	-9626.62	-9639.2	-9641.12
2	-9643.09	-9635.97	-9641.88	-9643.09
3	-9643.09	-9639.09	-9641.88	-9643.09
4	-9650.04	-9642.43	-9641.88	-9650.04
5	-9659.1	-9650.26	-9659.1	-9650.04
6	-9661.12	-9650.26	-9661.12	-9650.04
7	-9661.12	-9653.5	-9661.12	-9650.29
8	-9661.12	-9653.5	-9661.12	-9650.29
9	-9661.12	-9656.74	-9661.12	-9654.55
10	-9661.79	-9660.45	-9661.79	-9654.55
11	-9661.79	-9660.45	-9661.79	-9654.55
12	-9661.79	-9660.45	-9661.79	-9654.73
13	-9661.79	-9660.45	-9661.79	-9654.73
14	-9661.79	-9660.45	-9661.79	-9654.73
15	-9661.79	-9661.69	-9661.79	-9654.73
16	-9665.66	-9661.69	-9665.66	-9654.73
17	-9667.92	-9661.69	-9667.92	-9654.73
18	-9681.56	-9661.69	-9681.56	-9654.73
19	-9681.56	-9663.8	-9681.56	-9654.73
20	-9683.01	-9683.01	-9683.01	-9683.01
21	-9686.76	-9686.76	-9683.01	-9683.86
22	-9686.93	-9686.76	-9683.01	-9686.93
23	-9686.93	-9686.76	-9684.22	-9686.93
24	-9686.93	-9686.76	-9684.22	-9686.93
25	-9687.56	-9687.56	-9684.22	-9686.93
26	-9689.09	-9689.09	-9684.22	-9686.93
27	-9689.09	-9689.09	-9684.22	-9686.93
28	-9693.11	-9693.11	-9684.22	-9687.21
29	-9693.11	-9693.11	-9684.22	-9687.43
30	-9693.11	-9693.11	-9684.22	-9687.43
31	-9693.11	-9693.11	-9684.22	-9690.5
32	-9693.11	-9693.11	-9684.89	-9690.5
33	-9693.43	-9693.43	-9684.89	-9690.5
34	-9693.43	-9693.43	-9684.89	-9690.5
35	-9693.43	-9693.43	-9684.89	-9690.5
36	-9693.43	-9693.43	-9684.89	-9690.5
37	-9693.43	-9693.43	-9685.94	-9690.5
38	-9693.43	-9693.43	-9685.94	-9690.5
39	-9693.43	-9693.43	-9685.94	-9690.5
40	-9693.43	-9693.43	-9693.43	-9693.43
41	-9693.71	-9693.71	-9693.43	-9693.43
42	-9693.71	-9693.71	-9693.43	-9693.43
43	-9693.71	-9693.71	-9693.43	-9693.43
44	-9693.71	-9693.71	-9693.43	-9693.43
45	-9693.71	-9693.71	-9693.43	-9693.43
46	-9693.71	-9693.71	-9693.43	-9693.43
47	-9693.71	-9693.71	-9693.43	-9693.43
48	-9693.71	-9693.71	-9693.43	-9693.43
49	-9693.71	-9693.71	-9693.43	-9693.43
50	-9693.71	-9693.71	-9693.43	-9693.43
51	-9693.71	-9693.71	-9693.43	-9693.43
52	-9693.71	-9693.71	-9693.43	-9693.43
53	-9693.71	-9693.71	-9693.43	-9693.43
54	-9693.71	-9693.71	-9693.43	-9693.43
55	-9693.71	-9693.71	-9693.43	-9693.43
56	-9693.71	-9693.71	-9693.43	-9693.43
57	-9693.71	-9693.71	-9693.43	-9693.43
58	-9693.71	-9693.71	-9693.43	-9693.43
59	-9693.71	-9693.71	-9693.43	-9693.43
60	-9693.71	-9693.71	-9693.71	-9693.71
61	-9693.71	-9693.71	-9693.71	-9693.71
62	-9693.71	-9693.71	-9693.71	-9693.71
63	-9693.71	-9693.71	-9693.71	-9693.71
64	-9693.77	-9693.71	-9693.77	-9693.71
65	-9694.21	-9693.71	-9694.21	-9693.71
66	-9694.21	-9693.71	-9694.21	-9693.71
67	-9694.21	-9693.71	-9694.21	-9693.71
68	-9694.21	-9693.71	-9694.21	-9693.71
69	-9694.21	-9693.71	-9694.21	-9693.71
70	-9694.21	-9693.71	-9694.21	-9693.71
71	-9694.21	-9693.71	-9694.21	-9693.71
72	-9694.21	-9693.71	-9694.21	-9693.71
73	-9694.21	-9693.71	-9694.21	-9693.71
74	-9694.21	-9693.71	-9694.21	-9693.71
75	-9694.59	-9693.71	-9694.59	-9693.71
76	-9694.59	-9693.71	-9694.59	-9693.71
77	-9694.59	-9693.71	-9694.59	-9693.71
78	-9694.59	-9693.71	-9694.59	-9693.71
79	-9694.59	-9693.71	-9694.59	-9693.71
80	-9694.59	-9694.59	-9694.59	-9694.59
81	-9694.59	-9694.59	-9694.59	-9694.59
82	-9694.59	-9694.59	-9694.59	-9694.59
83	-9694.77	-9694.59	-9694.77	-9694.59
84	-9694.78	-9694.59	-9694.78	-9694.59
85	-9694.78	-9694.59	-9694.78	-9694.59
86	-9694.78	-9694.59	-9694.78	-9694.59
87	-9694.78	-9694.59	-9694.78	-9694.59
88	-9694.78	-9694.59	-9694.78	-9694.59
89	-9694.78	-9694.59	-9694.78	-9694.59
90	-9694.78	-9694.59	-9694.78	-9694.59
91	-9694.78	-9694.59	-9694.78	-9694.59
92	-9694.78	-9694.59	-9694.78	-9694.59
93	-9694.78	-9694.59	-9694.78	-9694.59
94	-9694.78	-9694.59	-9694.78	-9694.78
95	-9694.78	-9694.59	-9694.78	-9694.78
96	-9694.78	-9694.59	-9694.78	-9694.78
97	-9694.78	-9694.59	-9694.78	-9694.78
98	-9694.78	-9694.59	-9694.78	-9694.78
99	-9694.78	-9694.59	-9694.78	-9694.78
100	-9694.78	-9694.78	-9694.78	-9694.78
1	-9651.84	-9642.58	-9651.84	-9637.8
2	-9651.84	-9642.58	-9651.84	-9637.8
3	-9651.84	-9642.78	-9651.84	-9640.24
4	-9651.84	-9643.96	-9651.84	-9640.24
5	-9653.18	-9643.96	-9653.18	-9641.08
6	-9655.24	-9655.24	-9653.18	-9641.08
7	-9663.88	-9663.88	-9653.18	-9646.46
8	-9663.88	-9663.88	-9653.18	-9650.13
9	-9666.96	-9666.96	-9653.41	-9655.58
10	-9666.96	-9666.96	-9653.41	-9655.58
11	-9668.88	-9668.88	-9653.41	-9655.58
12	-9668.88	-9668.88	-9653.41	-9657.35
13	-9669.03	-9669.03	-9653.41	-9657.35
14	-9679.93	-9679.93	-9654.69	-9669.29
15	-9679.93	-9679.93	-9655.67	-9669.29
16	-9679.93	-9679.93	-9655.67	-9669.29
17	-9679.93	-9679.93	-9655.88	-9669.29
18	-9681.04	-9681.04	-9655.88	-9669.29
19	-9681.04	-9681.04	-9655.88	-9669.29
20	-9681.04	-9681.04	-9681.04	-9681.04
21	-9681.64	-9681.64	-9681.04	-9681.04
22	-9685.06	-9684.22	-9681.04	-9685.06
23	-9685.06	-9684.22	-9681.17	-9685.06
24	-9687.88	-9684.22	-9687.88	-9685.06
25	-9687.88	-9684.22	-9687.88	-9685.06
26	-9687.88	-9684.22	-9687.88	-9685.06
27	-9687.88	-9684.22	-9687.88	-9685.06
28	-9689.13	-9684.22	-9689.13	-9685.06
29	-9689.13	-9684.44	-9689.13	-9685.06
30	-9690.37	-9685.3	-9690.37	-9685.06
31	-9690.37	-9685.3	-9690.37	-9685.06
32	-9690.37	-9685.44	-9690.37	-9685.06
33	-9690.37	-9685.44	-9690.37	-9685.06
34	-9690.37	-9685.48	-9690.37	-9688.03
35	-9690.37	-9685.48	-9690.37	-9688.03
36	-9690.37	-9685.48	-9690.37	-9688.03
37	-9690.37	-9685.48	-9690.37	-9688.03
38	-9690.37	-9685.48	-9690.37	-9688.03
39	-9690.37	-9685.48	-9690.37	-9688.03
40	-9690.37	-9690.37	-9690.37	-9690.37
41	-9691.82	-9690.37	-9691.82	-9690.37
42	-9692.26	-9690.37	-9692.26	-9690.69
43	-9692.26	-9690.37	-9692.26	-9691.51
44	-9692.26	-9690.37	-9692.26	-9691.51
45	-9692.26	-9690.79	-9692.26	-9691.51
46	-9692.26	-9690.81	-9692.26	-9691.51
47	-9692.26	-9690.81	-9692.26	-9691.78
48	-9692.26	-9690.81	-9692.26	-9691.78
49	-9692.26	-9690.81	-9692.26	-9691.78
50	-9692.26	-9690.81	-9692.26	-9691.81
51	-9692.26	-9690.81	-9692.26	-9691.81
52	-9692.26	-9690.81	-9692.26	-9691.81
53	-9692.26	-9690.81	-9692.26	-9691.81
54	-9692.6	-9692.6	-9692.34	-9691.95
55	-9692.6	-9692.6	-9692.54	-9691.95
56	-9692.6	-9692.6	-9692.54	-9691.95
57	-9692.84	-9692.6	-9692.84	-9691.95
58	-9692.84	-9692.6	-9692.84	-9691.95
59	-9692.94	-9692.94	-9692.84	-9691.95
60	-9692.94	-9692.94	-9692.94	-9692.94
61	-9692.94	-9692.94	-9692.94	-9692.94
62	-9692.98	-9692.94	-9692.94	-9692.98
63	-9693.08	-9692.94	-9692.94	-9693.08
64	-9693.27	-9693.27	-9692.94	-9693.08
65	-9693.27	-9693.27	-9693.12	-9693.08
66	-9693.27	-9693.27	-9693.12	-9693.08
67	-9693.27	-9693.27	-9693.12	-9693.08
68	-9693.37	-9693.27	-9693.37	-9693.08
69	-9693.37	-9693.27	-9693.37	-9693.08
70	-9693.37	-9693.27	-9693.37	-9693.08
71	-9693.37	-9693.27	-9693.37	-9693.08
72	-9693.37	-9693.27	-9693.37	-9693.08
73	-9693.37	-9693.27	-9693.37	-9693.08
74	-9693.37	-9693.27	-9693.37	-9693.08
75	-9693.37	-9693.27	-9693.37	-9693.08
76	-9693.37	-9693.27	-9693.37	-9693.08
77	-9693.37	-9693.27	-9693.37	-9693.08
78	-9693.38	-9693.27	-9693.38	-9693.08
79	-9693.38	-9693.27	-9693.38	-9693.08
80	-9693.38	-9693.38	-9693.38	-9693.38
81	-9693.38	-9693.38	-9693.38	-9693.38
82	-9693.38	-9693.38	-9693.38	-9693.38
83	-9693.38	-9693.38	-9693.38	-9693.38
84	-9693.38	-9693.38	-9693.38	-9693.38
85	-9693.38	-9693.38	-9693.38	-9693.38
86	-9693.38	-9693.38	-9693.38	-9693.38
87	-9693.38	-9693.38	-9693.38	-9693.38
88	-9693.38	-9693.38	-9693.38	-9693.38
89	-9693.38	-9693.38	-9693.38	-9693.38
90	-9693.47	-9693.38	-9693.47	-9693.38
91	-9693.47	-9693.38	-9693.47	-9693.38
92	-9693.47	-9693.38	-9693.47	-9693.38
93	-9693.52	-9693.52	-9693.47	-9693.38
94	-9693.52	-9693.52	-9693.47	-9693.47
95	-9693.52	-9693.52	-9693.47	-9693.47
96	-9693.52	-9693.52	-9693.47	-9693.47
97	-9693.52	-9693.52	-9693.47	-9693.47
98	-9693.52	-9693.52	-9693.47	-9693.47
99	-9693.52	-9693.52	-9693.47	-9693.47
100	-9693.52	-9693.52	-9693.52	-9693.52
1	-9649.81	-9632.28	-9649.81	-9626.82
2	-9664.06	-9632.28	-9664.06	-9640.63
3	-9671	-9641.33	-9671	-9640.63
4	-9671	-9641.33	-9671	-9640.63
5	-9671	-9649.28	-9671	-9649.66
6	-9671	-9649.28	-9671	-9649.66
7	-9671	-9649.28	-9671	-9649.66
8	-9671.4	-9649.28	-9671.4	-9649.79
9	-9671.4	-9650.09	-9671.4	-9649.79
10	-9673.79	-9650.09	-9673.79	-9649.79
11	-9675.46	-9650.09	-9675.46	-9649.79
12	-9675.46	-9650.09	-9675.46	-9649.79
13	-9681.13	-9650.09	-9681.13	-9651.39
14	-9681.13	-9650.09	-9681.13	-9651.39
15	-9681.37	-9650.09	-9681.37	-9651.39
16	-9681.37	-9650.09	-9681.37	-9651.5
17	-9681.37	-9650.09	-9681.37	-9651.5
18	-9682.01	-9650.63	-9682.01	-9655.61
19	-9682.01	-9650.63	-9682.01	-9655.61
20	-9682.01	-9682.01	-9682.01	-9682.01
21	-9687.97	-9687.97	-9683.56	-9682.01
22	-9690.79	-9690.79	-9689.03	-9682.01
23	-9690.79	-9690.79	-9689.61	-9682.01
24	-9690.79	-9690.79	-9689.61	-9682.01
25	-9690.79	-9690.79	-9690.44	-9682.01
26	-9690.79	-9690.79	-9690.44	-9682.01
27	-9691.37	-9691.37	-9690.44	-9682.01
28	-9691.37	-9691.37	-9690.44	-9682.01
29	-9691.37	-9691.37	-9690.44	-9684.8
30	-9691.37	-9691.37	-9690.44	-9684.8
31	-9691.37	-9691.37	-9690.44	-9686.89
32	-9691.37	-9691.37	-9690.44	-9686.89
33	-9691.37	-9691.37	-9690.44	-9690.75
34	-9691.37	-9691.37	-9690.54	-9690.75
35	-9691.37	-9691.37	-9690.54	-9690.75
36	-9691.37	-9691.37	-9690.54	-9690.75
37	-9691.37	-9691.37	-9690.54	-9690.75
38	-9693.39	-9691.37	-9690.54	-9693.39
39	-9693.39	-9691.37	-9691.91	-9693.39
40	-9693.39	-9693.39	-9693.39	-9693.39
41	-9693.39	-9693.39	-9693.39	-9693.39
42	-9693.39	-9693.39	-9693.39	-9693.39
43	-9693.52	-9693.52	-9693.39	-9693.39
44	-9693.52	-9693.52	-9693.39	-9693.39
45	-9693.52	-9693.52	-9693.39	-9693.39
46	-9693.52	-9693.52	-9693.39	-9693.39
47	-9693.52	-9693.52	-9693.39	-9693.39
48	-9693.52	-9693.52	-9693.39	-9693.39
49	-9693.52	-9693.52	-9693.39	-9693.39
50	-9693.52	-9693.52	-9693.39	-9693.39
51	-9693.52	-9693.52	-9693.39	-9693.39
52	-9693.52	-9693.52	-9693.52	-9693.39
53	-9693.52	-9693.52	-9693.52	-9693.39
54	-9693.52	-9693.52	-9693.52	-9693.39
55	-9693.52	-9693.52	-9693.52	-9693.39
56	-9693.52	-9693.52	-9693.52	-9693.39
57	-9693.74	-9693.74	-9693.52	-9693.39
58	-9693.74	-9693.74	-9693.52	-9693.39
59	-9693.74	-9693.74	-9693.52	-9693.39
60	-9693.74	-9693.74	-9693.74	-9693.74
61	-9693.74	-9693.74	-9693.74	-9693.74
62	-9693.74	-9693.74	-9693.74	-9693.74
63	-9693.74	-9693.74	-9693.74	-9693.74
64	-9693.74	-9693.74	-9693.74	-9693.74
65	-9693.74	-9693.74	-9693.74	-9693.74
66	-9693.74	-9693.74	-9693.74	-9693.74
67	-9693.74	-9693.74	-9693.74	-9693.74
68	-9693.74	-9693.74	-9693.74	-9693.74
69	-9693.74	-9693.74	-9693.74	-9693.74
70	-9693.74	-9693.74	-9693.74	-9693.74
71	-9693.74	-9693.74	-9693.74	-9693.74
72	-9693.74	-9693.74	-9693.74	-9693.74
73	-9693.74	-9693.74	-9693.74	-9693.74
74	-9693.74	-9693.74	-9693.74	-9693.74
75	-9693.74	-9693.74	-9693.74	-9693.74
76	-9693.74	-9693.74	-9693.74	-9693.74
77	-9693.74	-9693.74	-9693.74	-9693.74
78	-9693.74	-9693.74	-9693.74	-9693.74
79	-9693.74	-9693.74	-9693.74	-9693.74
80	-9693.74	-9693.74	-9693.74	-9693.74
81	-9693.74	-9693.74	-9693.74	-9693.74
82	-9693.74	-9693.74	-9693.74	-9693.74
83	-9694.19	-9693.74	-9694.19	-9693.74
84	-9694.19	-9693.74	-9694.19	-9693.74
85	-9694.19	-9693.74	-9694.19	-9693.74
86	-9694.19	-9693.74	-9694.19	-9693.74
87	-9694.19	-9693.74	-9694.19	-9693.74
88	-9694.19	-9693.74	-9694.19	-9693.74
89	-9694.19	-9693.74	-9694.19	-9693.74
90	-9694.19	-9693.74	-9694.19	-9693.74
91	-9694.19	-9693.74	-9694.19	-9693.74
92	-9694.19	-9693.74	-9694.19	-9693.74
93	-9694.19	-9693.74	-9694.19	-9693.74
94	-9694.19	-9693.74	-9694.19	-9693.74
95	-9694.19	-9693.74	-9694.19	-9693.74
96	-9694.19	-9693.74	-9694.19	-9693.74
97	-9694.19	-9693.74	-9694.19	-9693.74
98	-9694.19	-9693.74	-9694.19	-9693.74
99	-9694.19	-9693.74	-9694.19	-9693.74
100	-9694.19	-9694.19	-9694.19	-9694.19
