1	-9895.77	-9894.21	-9895.77	-9880.98
2	-9895.77	-9894.21	-9895.77	-9892.54
3	-9909.45	-9895.01	-9906.9	-9909.45
4	-9909.45	-9895.01	-9909.08	-9909.45
5	-9910.84	-9895.01	-9910.84	-9909.45
6	-9930.57	-9895.01	-9930.57	-9909.45
7	-9931.05	-9895.01	-9931.05	-9909.45
8	-9931.05	-9895.75	-9931.05	-9909.45
9	-9933.39	-9895.75	-9933.39	-9909.45
10	-9939.81	-9895.75	-9939.81	-9909.45
11	-9939.81	-9898.69	-9939.81	-9909.45
12	-9939.81	-9898.69	-9939.81	-9909.45
13	-9943.07	-9910.1	-9943.07	-9916.65
14	-9943.07	-9910.1	-9943.07	-9916.65
15	-9943.07	-9910.1	-9943.07	-9917.1
16	-9943.07	-9910.1	-9943.07	-9921.76
17	-9943.07	-9910.1	-9943.07	-9921.76
18	-9943.07	-9910.1	-9943.07	-9921.76
19	-9943.07	-9910.1	-9943.07	-9922.71
20	-9943.07	-9943.07	-9943.07	-9943.07
21	-9946.81	-9943.07	-9946.81	-9943.33
22	-9946.81	-9944.1	-9946.81	-9943.33
23	-9946.81	-9944.1	-9946.81	-9943.33
24	-9946.81	-9944.1	-9946.81	-9943.33
25	-9946.87	-9944.1	-9946.87	-9943.33
26	-9946.87	-9944.1	-9946.87	-9943.33
27	-9946.87	-9944.1	-9946.87	-9943.33
28	-9946.87	-9944.1	-9946.87	-9943.36
29	-9946.87	-9944.1	-9946.87	-9943.36
30	-9946.87	-9944.1	-9946.87	-9943.36
31	-9946.87	-9944.1	-9946.87	-9943.36
32	-9946.87	-9944.1	-9946.87	-9943.36
33	-9946.87	-9944.1	-9946.87	-9943.36
34	-9946.87	-9944.1	-9946.87	-9943.36
35	-9946.87	-9944.1	-9946.87	-9943.36
36	-9946.87	-9944.1	-9946.87	-9943.88
37	-9946.87	-9944.1	-9946.87	-9943.88
38	-9946.87	-9944.1	-9946.87	-9943.88
39	-9946.87	-9944.1	-9946.87	-9943.88
40	-9946.87	-9946.87	-9946.87	-9946.87
41	-9946.87	-9946.87	-9946.87	-9946.87
42	-9946.87	-9946.87	-9946.87	-9946.87
43	-9946.87	-9946.87	-9946.87	-9946.87
44	-9946.87	-9946.87	-9946.87	-9946.87
45	-9946.87	-9946.87	-9946.87	-9946.87
46	-9946.87	-9946.87	-9946.87	-9946.87
47	-9946.87	-9946.87	-9946.87	-9946.87
48	-9946.87	-9946.87	-9946.87	-9946.87
49	-9946.87	-9946.87	-9946.87	-9946.87
50	-9946.87	-9946.87	-9946.87	-9946.87
51	-9946.87	-9946.87	-9946.87	-9946.87
52	-9946.87	-9946.87	-9946.87	-9946.87
53	-9946.87	-9946.87	-9946.87	-9946.87
54	-9946.87	-9946.87	-9946.87	-9946.87
55	-9946.87	-9946.87	-9946.87	-9946.87
56	-9946.87	-9946.87	-9946.87	-9946.87
57	-9946.87	-9946.87	-9946.87	-9946.87
58	-9946.87	-9946.87	-9946.87	-9946.87
59	-9946.87	-9946.87	-9946.87	-9946.87
60	-9946.87	-9946.87	-9946.87	-9946.87
61	-9946.87	-9946.87	-9946.87	-9946.87
62	-9946.87	-9946.87	-9946.87	-9946.87
63	-9946.87	-9946.87	-9946.87	-9946.87
64	-9946.87	-9946.87	-9946.87	-9946.87
65	-9946.87	-9946.87	-9946.87	-9946.87
66	-9946.87	-9946.87	-9946.87	-9946.87
67	-9946.87	-9946.87	-9946.87	-9946.87
68	-9946.87	-9946.87	-9946.87	-9946.87
69	-9946.87	-9946.87	-9946.87	-9946.87
70	-9946.87	-9946.87	-9946.87	-9946.87
71	-9946.87	-9946.87	-9946.87	-9946.87
72	-9946.87	-9946.87	-9946.87	-9946.87
73	-9946.87	-9946.87	-9946.87	-9946.87
74	-9946.87	-9946.87	-9946.87	-9946.87
75	-9946.87	-9946.87	-9946.87	-9946.87
76	-9946.87	-9946.87	-9946.87	-9946.87
77	-9946.87	-9946.87	-9946.87	-9946.87
78	-9946.87	-9946.87	-9946.87	-9946.87
79	-9946.87	-9946.87	-9946.87	-9946.87
80	-9946.87	-9946.87	-9946.87	-9946.87
81	-9946.87	-9946.87	-9946.87	-9946.87
82	-9946.87	-9946.87	-9946.87	-9946.87
83	-9946.87	-9946.87	-9946.87	-9946.87
84	-9946.87	-9946.87	-9946.87	-9946.87
85	-9946.87	-9946.87	-9946.87	-9946.87
86	-9946.87	-9946.87	-9946.87	-9946.87
87	-9946.87	-9946.87	-9946.87	-9946.87
88	-9946.87	-9946.87	-9946.87	-9946.87
89	-9946.87	-9946.87	-9946.87	-9946.87
90	-9946.87	-9946.87	-9946.87	-9946.87
91	-9946.87	-9946.87	-9946.87	-9946.87
92	-9946.87	-9946.87	-9946.87	-9946.87
93	-9946.87	-9946.87	-9946.87	-9946.87
94	-9946.87	-9946.87	-9946.87	-9946.87
95	-9946.87	-9946.87	-9946.87	-9946.87
96	-9946.87	-9946.87	-9946.87	-9946.87
97	-9946.87	-9946.87	-9946.87	-9946.87
98	-9946.87	-9946.87	-9946.87	-9946.87
99	-9946.87	-9946.87	-9946.87	-9946.87
100	-9946.87	-9946.87	-9946.87	-9946.87
1	-9902.8	-9884.78	-9902.8	-9889.39
2	-9905.17	-9884.78	-9905.17	-9893.24
3	-9905.17	-9891.72	-9905.17	-9893.27
4	-9905.17	-9892.55	-9905.17	-9894.87
5	-9905.17	-9892.55	-9905.17	-9903.78
6	-9905.17	-9892.55	-9905.17	-9903.78
7	-9911.91	-9901.62	-9905.17	-9911.91
8	-9911.91	-9901.62	-9905.17	-9911.91
9	-9911.91	-9905.06	-9905.4	-9911.91
10	-9919.04	-9905.06	-9919.04	-9915.05
11	-9919.04	-9905.06	-9919.04	-9916.41
12	-9919.04	-9905.06	-9919.04	-9916.41
13	-9919.04	-9905.06	-9919.04	-9916.62
14	-9919.04	-9906.48	-9919.04	-9916.62
15	-9919.04	-9915.98	-9919.04	-9916.62
16	-9921.61	-9915.98	-9921.61	-9916.62
17	-9921.61	-9915.98	-9921.61	-9916.62
18	-9921.61	-9915.98	-9921.61	-9916.62
19	-9921.61	-9915.98	-9921.61	-9916.62
20	-9921.61	-9921.61	-9921.61	-9921.61
21	-9928.68	-9921.61	-9921.61	-9928.68
22	-9928.68	-9921.61	-9921.61	-9928.68
23	-9934.63	-9921.61	-9921.61	-9934.63
24	-9937.29	-9921.61	-9921.61	-9937.29
25	-9937.29	-9921.61	-9921.61	-9937.29
26	-9938.51	-9921.61	-9921.61	-9938.51
27	-9939.65	-9921.61	-9921.61	-9939.65
28	-9939.65	-9922.88	-9921.61	-9939.65
29	-9939.65	-9922.88	-9921.61	-9939.65
30	-9939.65	-9922.88	-9921.61	-9939.65
31	-9939.65	-9923.06	-9921.61	-9939.65
32	-9939.65	-9923.08	-9921.61	-9939.65
33	-9939.65	-9923.08	-9921.61	-9939.65
34	-9939.65	-9923.08	-9921.61	-9939.65
35	-9939.65	-9923.08	-9921.61	-9939.65
36	-9939.65	-9923.08	-9922.5	-9939.65
37	-9939.65	-9923.08	-9922.88	-9939.65
38	-9939.65	-9923.08	-9922.88	-9939.65
39	-9939.65	-9923.08	-9922.88	-9939.65
40	-9939.65	-9939.65	-9939.65	-9939.65
41	-9939.65	-9939.65	-9939.65	-9939.65
42	-9939.65	-9939.65	-9939.65	-9939.65
43	-9939.65	-9939.65	-9939.65	-9939.65
44	-9939.65	-9939.65	-9939.65	-9939.65
45	-9943.26	-9943.26	-9939.65	-9939.65
46	-9943.26	-9943.26	-9939.73	-9939.65
47	-9943.26	-9943.26	-9939.73	-9939.65
48	-9943.26	-9943.26	-9939.73	-9939.65
49	-9943.26	-9943.26	-9939.75	-9939.81
50	-9943.26	-9943.26	-9939.75	-9939.81
51	-9944.37	-9944.37	-9939.75	-9939.81
52	-9944.37	-9944.37	-9939.75	-9939.81
53	-9944.37	-9944.37	-9940.09	-9939.81
54	-9944.37	-9944.37	-9942.95	-9939.81
55	-9944.37	-9944.37	-9942.95	-9939.91
56	-9944.78	-9944.37	-9944.78	-9939.91
57	-9944.78	-9944.37	-9944.78	-9939.91
58	-9944.78	-9944.37	-9944.78	-9939.91
59	-9944.78	-9944.37	-9944.78	-9939.91
60	-9944.78	-9944.78	-9944.78	-9944.78
61	-9944.78	-9944.78	-9944.78	-9944.78
62	-9946.81	-9944.78	-9944.78	-9946.81
63	-9946.81	-9944.78	-9944.78	-9946.81
64	-9946.81	-9944.78	-9944.78	-9946.81
65	-9946.81	-9944.85	-9944.78	-9946.81
66	-9946.81	-9944.85	-9944.78	-9946.81
67	-9946.81	-9944.85	-9944.78	-9946.81
68	-9946.81	-9944.85	-9944.78	-9946.81
69	-9946.81	-9944.85	-9944.78	-9946.81
70	-9946.81	-9944.85	-9944.78	-9946.81
71	-9946.81	-9944.85	-9944.78	-9946.81
72	-9946.81	-9944.85	-9944.78	-9946.81
73	-9946.81	-9944.85	-9946.81	-9946.81
74	-9946.81	-9944.85	-9946.81	-9946.81
75	-9946.87	-9944.85	-9946.87	-9946.81
76	-9946.87	-9944.85	-9946.87	-9946.81
77	-9946.87	-9944.85	-9946.87	-9946.81
78	-9946.87	-9944.85	-9946.87	-9946.81
79	-9946.87	-9944.85	-9946.87	-9946.81
80	-9946.87	-9946.87	-9946.87	-9946.87
81	-9946.87	-9946.87	-9946.87	-9946.87
82	-9946.87	-9946.87	-9946.87	-9946.87
83	-9946.87	-9946.87	-9946.87	-9946.87
84	-9946.87	-9946.87	-9946.87	-9946.87
85	-9946.87	-9946.87	-9946.87	-9946.87
86	-9946.87	-9946.87	-9946.87	-9946.87
87	-9946.87	-9946.87	-9946.87	-9946.87
88	-9946.87	-9946.87	-9946.87	-9946.87
89	-9946.87	-9946.87	-9946.87	-9946.87
90	-9946.87	-9946.87	-9946.87	-9946.87
91	-9946.87	-9946.87	-9946.87	-9946.87
92	-9946.87	-9946.87	-9946.87	-9946.87
93	-9946.87	-9946.87	-9946.87	-9946.87
94	-9946.87	-9946.87	-9946.87	-9946.87
95	-9946.87	-9946.87	-9946.87	-9946.87
96	-9946.87	-9946.87	-9946.87	-9946.87
97	-9946.87	-9946.87	-9946.87	-9946.87
98	-9946.87	-9946.87	-9946.87	-9946.87
99	-9946.87	-9946.87	-9946.87	-9946.87
100	-9946.87	-9946.87	-9946.87	-9946.87
1	-9895.9	-9895.9	-9889.64	-9893.44
2	-9898.67	-9898.67	-9892.7	-9893.44
3	-9898.67	-9898.67	-9893.48	-9893.44
4	-9899.59	-9899.59	-9894.01	-9895.06
5	-9911.45	-9911.45	-9896.66	-9895.06
6	-9911.45	-9911.45	-9896.66	-9902.79
7	-9911.45	-9911.45	-9896.66	-9902.79
8	-9911.45	-9911.45	-9904.75	-9902.79
9	-9911.45	-9911.45	-9904.75	-9902.79
10	-9912.85	-9911.45	-9912.85	-9902.79
11	-9918.63	-9918.63	-9912.85	-9902.79
12	-9918.63	-9918.63	-9913.54	-9902.79
13	-9918.63	-9918.63	-9913.54	-9904.05
14	-9921.02	-9921.02	-9918.91	-9904.05
15	-9921.02	-9921.02	-9918.91	-9904.17
16	-9921.02	-9921.02	-9918.91	-9904.17
17	-9921.02	-9921.02	-9918.91	-9904.17
18	-9921.02	-9921.02	-9918.91	-9904.17
19	-9921.02	-9921.02	-9919.97	-9908.98
20	-9921.02	-9921.02	-9921.02	-9921.02
21	-9921.67	-9921.67	-9921.02	-9921.02
22	-9921.67	-9921.67	-9921.02	-9921.02
23	-9921.67	-9921.67	-9921.02	-9921.62
24	-9921.67	-9921.67	-9921.02	-9921.62
25	-9922.67	-9921.67	-9922.67	-9921.62
26	-9923.51	-9921.67	-9923.51	-9921.62
27	-9923.51	-9921.67	-9923.51	-9921.62
28	-9923.51	-9921.67	-9923.51	-9921.62
29	-9923.51	-9921.67	-9923.51	-9921.62
30	-9923.51	-9921.67	-9923.51	-9921.62
31	-9923.51	-9921.67	-9923.51	-9921.95
32	-9923.51	-9921.67	-9923.51	-9921.95
33	-9924.77	-9921.67	-9924.77	-9921.95
34	-9937.94	-9921.67	-9937.94	-9921.95
35	-9937.94	-9921.67	-9937.94	-9921.95
36	-9937.94	-9921.67	-9937.94	-9921.95
37	-9940.32	-9921.67	-9940.32	-9921.95
38	-9940.71	-9921.67	-9940.71	-9921.95
39	-9940.71	-9921.67	-9940.71	-9921.95
40	-9943.87	-9943.87	-9943.87	-9943.87
41	-9944.78	-9944.78	-9944.78	-9943.87
42	-9944.78	-9944.78	-9944.78	-9943.87
43	-9944.78	-9944.78	-9944.78	-9943.87
44	-9944.78	-9944.78	-9944.78	-9943.87
45	-9944.78	-9944.78	-9944.78	-9943.87
46	-9944.78	-9944.78	-9944.78	-9943.87
47	-9944.78	-9944.78	-9944.78	-9943.87
48	-9946.67	-9944.78	-9944.78	-9946.67
49	-9946.67	-9944.78	-9944.78	-9946.67
50	-9946.81	-9944.78	-9946.81	-9946.67
51	-9946.81	-9944.78	-9946.81	-9946.67
52	-9946.81	-9944.78	-9946.81	-9946.67
53	-9946.81	-9944.78	-9946.81	-9946.69
54	-9946.81	-9944.78	-9946.81	-9946.69
55	-9946.81	-9944.78	-9946.81	-9946.69
56	-9946.87	-9944.78	-9946.87	-9946.69
57	-9946.87	-9944.78	-9946.87	-9946.87
58	-9946.87	-9944.78	-9946.87	-9946.87
59	-9946.87	-9946.66	-9946.87	-9946.87
60	-9946.87	-9946.87	-9946.87	-9946.87
61	-9946.87	-9946.87	-9946.87	-9946.87
62	-9946.87	-9946.87	-9946.87	-9946.87
63	-9946.87	-9946.87	-9946.87	-9946.87
64	-9946.87	-9946.87	-9946.87	-9946.87
65	-9946.87	-9946.87	-9946.87	-9946.87
66	-9946.87	-9946.87	-9946.87	-9946.87
67	-9946.87	-9946.87	-9946.87	-9946.87
68	-9946.87	-9946.87	-9946.87	-9946.87
69	-9946.87	-9946.87	-9946.87	-9946.87
70	-9946.87	-9946.87	-9946.87	-9946.87
71	-9946.87	-9946.87	-9946.87	-9946.87
72	-9946.87	-9946.87	-9946.87	-9946.87
73	-9946.87	-9946.87	-9946.87	-9946.87
74	-9946.87	-9946.87	-9946.87	-9946.87
75	-9946.87	-9946.87	-9946.87	-9946.87
76	-9946.87	-9946.87	-9946.87	-9946.87
77	-9946.87	-9946.87	-9946.87	-9946.87
78	-9946.87	-9946.87	-9946.87	-9946.87
79	-9946.87	-9946.87	-9946.87	-9946.87
80	-9946.87	-9946.87	-9946.87	-9946.87
81	-9946.87	-9946.87	-9946.87	-9946.87
82	-9946.87	-9946.87	-9946.87	-9946.87
83	-9946.87	-9946.87	-9946.87	-9946.87
84	-9946.87	-9946.87	-9946.87	-9946.87
85	-9946.87	-9946.87	-9946.87	-9946.87
86	-9946.87	-9946.87	-9946.87	-9946.87
87	-9946.87	-9946.87	-9946.87	-9946.87
88	-9946.87	-9946.87	-9946.87	-9946.87
89	-9946.87	-9946.87	-9946.87	-9946.87
90	-9946.87	-9946.87	-9946.87	-9946.87
91	-9946.87	-9946.87	-9946.87	-9946.87
92	-9946.87	-9946.87	-9946.87	-9946.87
93	-9946.87	-9946.87	-9946.87	-9946.87
94	-9946.87	-9946.87	-9946.87	-9946.87
95	-9946.87	-9946.87	-9946.87	-9946.87
96	-9946.87	-9946.87	-9946.87	-9946.87
97	-9946.87	-9946.87	-9946.87	-9946.87
98	-9946.87	-9946.87	-9946.87	-9946.87
99	-9946.87	-9946.87	-9946.87	-9946.87
100	-9946.87	-9946.87	-9946.87	-9946.87
