1	-120.283	-119.919	-120.283	-119.901
2	-120.398	-120.231	-120.398	-120.379
3	-120.398	-120.297	-120.398	-120.379
4	-120.398	-120.337	-120.398	-120.379
5	-120.438	-120.337	-120.438	-120.379
6	-120.438	-120.337	-120.438	-120.379
7	-120.481	-120.337	-120.481	-120.379
8	-120.493	-120.337	-120.493	-120.379
9	-120.572	-120.337	-120.572	-120.379
10	-120.572	-120.503	-120.572	-120.379
11	-120.572	-120.503	-120.572	-120.379
12	-120.572	-120.503	-120.572	-120.379
13	-120.628	-120.503	-120.628	-120.457
14	-120.649	-120.503	-120.628	-120.649
15	-120.744	-120.503	-120.744	-120.649
16	-120.744	-120.503	-120.744	-120.649
17	-120.87	-120.503	-120.87	-120.649
18	-120.87	-120.503	-120.87	-120.74
19	-120.938	-120.503	-120.938	-120.74
20	-120.938	-120.938	-120.938	-120.938
21	-120.945	-120.945	-120.938	-120.945
22	-120.945	-120.945	-120.938	-120.945
23	-121.018	-121.018	-120.938	-120.945
24	-121.018	-121.018	-120.938	-120.945
25	-121.018	-121.018	-120.938	-120.945
26	-121.018	-121.018	-120.938	-120.945
27	-121.018	-121.018	-120.938	-120.945
28	-121.018	-121.018	-120.938	-120.945
29	-121.018	-121.018	-120.967	-120.945
30	-121.018	-121.018	-120.978	-120.945
31	-121.018	-121.018	-120.978	-120.945
32	-121.029	-121.018	-121.029	-120.945
33	-121.06	-121.018	-121.06	-120.945
34	-121.06	-121.018	-121.06	-120.945
35	-121.06	-121.018	-121.06	-120.945
36	-121.06	-121.018	-121.06	-120.945
37	-121.13	-121.018	-121.13	-120.945
38	-121.13	-121.018	-121.13	-120.97
39	-121.13	-121.018	-121.13	-120.97
40	-121.13	-121.13	-121.13	-121.13
41	-121.13	-121.13	-121.13	-121.13
42	-121.13	-121.13	-121.13	-121.13
43	-121.13	-121.13	-121.13	-121.13
44	-121.13	-121.13	-121.13	-121.13
45	-121.13	-121.13	-121.13	-121.13
46	-121.13	-121.13	-121.13	-121.13
47	-121.133	-121.13	-121.133	-121.13
48	-121.133	-121.13	-121.133	-121.13
49	-121.133	-121.13	-121.133	-121.13
50	-121.133	-121.13	-121.133	-121.13
51	-121.133	-121.13	-121.133	-121.13
52	-121.133	-121.13	-121.133	-121.13
53	-121.133	-121.13	-121.133	-121.13
54	-121.133	-121.13	-121.133	-121.13
55	-121.133	-121.13	-121.133	-121.13
56	-121.133	-121.13	-121.133	-121.13
57	-121.133	-121.13	-121.133	-121.13
58	-121.133	-121.13	-121.133	-121.13
59	-121.133	-121.13	-121.133	-121.13
60	-121.133	-121.133	-121.133	-121.133
61	-121.166	-121.163	-121.133	-121.166
62	-121.166	-121.163	-121.163	-121.166
63	-121.166	-121.163	-121.163	-121.166
64	-121.166	-121.163	-121.163	-121.166
65	-121.166	-121.163	-121.166	-121.166
66	-121.166	-121.163	-121.166	-121.166
67	-121.166	-121.163	-121.166	-121.166
68	-121.166	-121.163	-121.166	-121.166
69	-121.166	-121.163	-121.166	-121.166
70	-121.166	-121.166	-121.166	-121.166
71	-121.166	-121.166	-121.166	-121.166
72	-121.166	-121.166	-121.166	-121.166
73	-121.166	-121.166	-121.166	-121.166
74	-121.166	-121.166	-121.166	-121.166
75	-121.166	-121.166	-121.166	-121.166
76	-121.166	-121.166	-121.166	-121.166
77	-121.166	-121.166	-121.166	-121.166
78	-121.166	-121.166	-121.166	-121.166
79	-121.166	-121.166	-121.166	-121.166
80	-121.166	-121.166	-121.166	-121.166
81	-121.166	-121.166	-121.166	-121.166
82	-121.166	-121.166	-121.166	-121.166
83	-121.166	-121.166	-121.166	-121.166
84	-121.166	-121.166	-121.166	-121.166
85	-121.166	-121.166	-121.166	-121.166
86	-121.166	-121.166	-121.166	-121.166
87	-121.166	-121.166	-121.166	-121.166
88	-121.166	-121.166	-121.166	-121.166
89	-121.166	-121.166	-121.166	-121.166
90	-121.166	-121.166	-121.166	-121.166
91	-121.166	-121.166	-121.166	-121.166
92	-121.166	-121.166	-121.166	-121.166
93	-121.166	-121.166	-121.166	-121.166
94	-121.166	-121.166	-121.166	-121.166
95	-121.166	-121.166	-121.166	-121.166
96	-121.166	-121.166	-121.166	-121.166
97	-121.166	-121.166	-121.166	-121.166
98	-121.166	-121.166	-121.166	-121.166
99	-121.166	-121.166	-121.166	-121.166
100	-121.166	-121.166	-121.166	-121.166
1	-120.465	-120.465	-119.919	-120.168
2	-120.465	-120.465	-120.156	-120.168
3	-120.465	-120.465	-120.286	-120.168
4	-120.506	-120.465	-120.506	-120.369
5	-120.528	-120.465	-120.528	-120.369
6	-120.528	-120.465	-120.528	-120.369
7	-120.528	-120.465	-120.528	-120.369
8	-120.685	-120.465	-120.555	-120.685
9	-120.737	-120.465	-120.654	-120.737
10	-120.737	-120.617	-120.654	-120.737
11	-120.737	-120.617	-120.654	-120.737
12	-120.737	-120.617	-120.654	-120.737
13	-120.737	-120.617	-120.654	-120.737
14	-120.737	-120.617	-120.654	-120.737
15	-120.753	-120.617	-120.654	-120.753
16	-120.753	-120.634	-120.654	-120.753
17	-120.753	-120.634	-120.654	-120.753
18	-120.839	-120.634	-120.696	-120.839
19	-120.839	-120.634	-120.696	-120.839
20	-120.839	-120.839	-120.839	-120.839
21	-120.839	-120.839	-120.839	-120.839
22	-121.134	-121.134	-120.839	-120.839
23	-121.134	-121.134	-120.839	-120.839
24	-121.134	-121.134	-120.839	-120.839
25	-121.134	-121.134	-120.839	-120.839
26	-121.134	-121.134	-120.839	-120.839
27	-121.134	-121.134	-120.839	-120.839
28	-121.134	-121.134	-121.072	-120.839
29	-121.134	-121.134	-121.072	-120.839
30	-121.134	-121.134	-121.072	-120.839
31	-121.134	-121.134	-121.072	-120.869
32	-121.134	-121.134	-121.072	-120.869
33	-121.166	-121.166	-121.072	-120.869
34	-121.166	-121.166	-121.072	-120.869
35	-121.166	-121.166	-121.072	-120.869
36	-121.166	-121.166	-121.072	-120.869
37	-121.166	-121.166	-121.099	-120.869
38	-121.166	-121.166	-121.13	-120.869
39	-121.166	-121.166	-121.133	-120.869
40	-121.166	-121.166	-121.166	-121.166
41	-121.166	-121.166	-121.166	-121.166
42	-121.166	-121.166	-121.166	-121.166
43	-121.166	-121.166	-121.166	-121.166
44	-121.166	-121.166	-121.166	-121.166
45	-121.166	-121.166	-121.166	-121.166
46	-121.166	-121.166	-121.166	-121.166
47	-121.166	-121.166	-121.166	-121.166
48	-121.166	-121.166	-121.166	-121.166
49	-121.166	-121.166	-121.166	-121.166
50	-121.166	-121.166	-121.166	-121.166
51	-121.166	-121.166	-121.166	-121.166
52	-121.166	-121.166	-121.166	-121.166
53	-121.166	-121.166	-121.166	-121.166
54	-121.166	-121.166	-121.166	-121.166
55	-121.166	-121.166	-121.166	-121.166
56	-121.166	-121.166	-121.166	-121.166
57	-121.166	-121.166	-121.166	-121.166
58	-121.166	-121.166	-121.166	-121.166
59	-121.166	-121.166	-121.166	-121.166
60	-121.166	-121.166	-121.166	-121.166
61	-121.166	-121.166	-121.166	-121.166
62	-121.166	-121.166	-121.166	-121.166
63	-121.166	-121.166	-121.166	-121.166
64	-121.166	-121.166	-121.166	-121.166
65	-121.166	-121.166	-121.166	-121.166
66	-121.166	-121.166	-121.166	-121.166
67	-121.166	-121.166	-121.166	-121.166
68	-121.166	-121.166	-121.166	-121.166
69	-121.166	-121.166	-121.166	-121.166
70	-121.166	-121.166	-121.166	-121.166
71	-121.166	-121.166	-121.166	-121.166
72	-121.166	-121.166	-121.166	-121.166
73	-121.166	-121.166	-121.166	-121.166
74	-121.166	-121.166	-121.166	-121.166
75	-121.166	-121.166	-121.166	-121.166
76	-121.166	-121.166	-121.166	-121.166
77	-121.166	-121.166	-121.166	-121.166
78	-121.166	-121.166	-121.166	-121.166
79	-121.166	-121.166	-121.166	-121.166
80	-121.166	-121.166	-121.166	-121.166
81	-121.166	-121.166	-121.166	-121.166
82	-121.166	-121.166	-121.166	-121.166
83	-121.166	-121.166	-121.166	-121.166
84	-121.166	-121.166	-121.166	-121.166
85	-121.166	-121.166	-121.166	-121.166
86	-121.166	-121.166	-121.166	-121.166
87	-121.166	-121.166	-121.166	-121.166
88	-121.166	-121.166	-121.166	-121.166
89	-121.166	-121.166	-121.166	-121.166
90	-121.166	-121.166	-121.166	-121.166
91	-121.166	-121.166	-121.166	-121.166
92	-121.166	-121.166	-121.166	-121.166
93	-121.166	-121.166	-121.166	-121.166
94	-121.166	-121.166	-121.166	-121.166
95	-121.166	-121.166	-121.166	-121.166
96	-121.166	-121.166	-121.166	-121.166
97	-121.166	-121.166	-121.166	-121.166
98	-121.166	-121.166	-121.166	-121.166
99	-121.166	-121.166	-121.166	-121.166
100	-121.166	-121.166	-121.166	-121.166
1	-120.354	-119.93	-120.354	-120.042
2	-120.476	-120.094	-120.476	-120.093
3	-120.476	-120.423	-120.476	-120.295
4	-120.551	-120.468	-120.551	-120.295
5	-120.551	-120.468	-120.551	-120.387
6	-120.551	-120.468	-120.551	-120.387
7	-120.579	-120.468	-120.551	-120.579
8	-120.598	-120.468	-120.598	-120.579
9	-120.598	-120.47	-120.598	-120.579
10	-120.676	-120.676	-120.598	-120.585
11	-120.676	-120.676	-120.598	-120.585
12	-120.676	-120.676	-120.598	-120.585
13	-120.676	-120.676	-120.598	-120.585
14	-120.799	-120.676	-120.799	-120.659
15	-120.799	-120.676	-120.799	-120.659
16	-120.799	-120.676	-120.799	-120.659
17	-121.07	-120.676	-120.799	-121.07
18	-121.07	-120.676	-120.799	-121.07
19	-121.07	-120.676	-120.799	-121.07
20	-121.07	-121.07	-121.07	-121.07
21	-121.07	-121.07	-121.07	-121.07
22	-121.133	-121.07	-121.133	-121.07
23	-121.133	-121.07	-121.133	-121.07
24	-121.133	-121.07	-121.133	-121.07
25	-121.133	-121.07	-121.133	-121.07
26	-121.133	-121.07	-121.133	-121.07
27	-121.133	-121.07	-121.133	-121.07
28	-121.133	-121.07	-121.133	-121.07
29	-121.133	-121.133	-121.133	-121.07
30	-121.133	-121.133	-121.133	-121.07
31	-121.163	-121.133	-121.163	-121.07
32	-121.163	-121.133	-121.163	-121.07
33	-121.163	-121.133	-121.163	-121.07
34	-121.163	-121.133	-121.163	-121.07
35	-121.163	-121.133	-121.163	-121.07
36	-121.163	-121.133	-121.163	-121.07
37	-121.163	-121.133	-121.163	-121.07
38	-121.163	-121.133	-121.163	-121.07
39	-121.163	-121.133	-121.163	-121.07
40	-121.163	-121.163	-121.163	-121.163
41	-121.163	-121.163	-121.163	-121.163
42	-121.163	-121.163	-121.163	-121.163
43	-121.163	-121.163	-121.163	-121.163
44	-121.163	-121.163	-121.163	-121.163
45	-121.163	-121.163	-121.163	-121.163
46	-121.163	-121.163	-121.163	-121.163
47	-121.163	-121.163	-121.163	-121.163
48	-121.163	-121.163	-121.163	-121.163
49	-121.163	-121.163	-121.163	-121.163
50	-121.163	-121.163	-121.163	-121.163
51	-121.163	-121.163	-121.163	-121.163
52	-121.163	-121.163	-121.163	-121.163
53	-121.163	-121.163	-121.163	-121.163
54	-121.163	-121.163	-121.163	-121.163
55	-121.163	-121.163	-121.163	-121.163
56	-121.163	-121.163	-121.163	-121.163
57	-121.163	-121.163	-121.163	-121.163
58	-121.163	-121.163	-121.163	-121.163
59	-121.166	-121.163	-121.166	-121.163
60	-121.166	-121.166	-121.166	-121.166
61	-121.166	-121.166	-121.166	-121.166
62	-121.166	-121.166	-121.166	-121.166
63	-121.166	-121.166	-121.166	-121.166
64	-121.166	-121.166	-121.166	-121.166
65	-121.166	-121.166	-121.166	-121.166
66	-121.166	-121.166	-121.166	-121.166
67	-121.166	-121.166	-121.166	-121.166
68	-121.166	-121.166	-121.166	-121.166
69	-121.166	-121.166	-121.166	-121.166
70	-121.166	-121.166	-121.166	-121.166
71	-121.166	-121.166	-121.166	-121.166
72	-121.166	-121.166	-121.166	-121.166
73	-121.166	-121.166	-121.166	-121.166
74	-121.166	-121.166	-121.166	-121.166
75	-121.166	-121.166	-121.166	-121.166
76	-121.166	-121.166	-121.166	-121.166
77	-121.166	-121.166	-121.166	-121.166
78	-121.166	-121.166	-121.166	-121.166
79	-121.166	-121.166	-121.166	-121.166
80	-121.166	-121.166	-121.166	-121.166
81	-121.166	-121.166	-121.166	-121.166
82	-121.166	-121.166	-121.166	-121.166
83	-121.166	-121.166	-121.166	-121.166
84	-121.166	-121.166	-121.166	-121.166
85	-121.166	-121.166	-121.166	-121.166
86	-121.166	-121.166	-121.166	-121.166
87	-121.166	-121.166	-121.166	-121.166
88	-121.166	-121.166	-121.166	-121.166
89	-121.166	-121.166	-121.166	-121.166
90	-121.166	-121.166	-121.166	-121.166
91	-121.166	-121.166	-121.166	-121.166
92	-121.166	-121.166	-121.166	-121.166
93	-121.166	-121.166	-121.166	-121.166
94	-121.166	-121.166	-121.166	-121.166
95	-121.166	-121.166	-121.166	-121.166
96	-121.166	-121.166	-121.166	-121.166
97	-121.166	-121.166	-121.166	-121.166
98	-121.166	-121.166	-121.166	-121.166
99	-121.166	-121.166	-121.166	-121.166
100	-121.166	-121.166	-121.166	-121.166
