1	-10081.6	-10064.4	-10081.6	-10066.2
2	-10081.6	-10070.2	-10081.6	-10070.4
3	-10081.6	-10070.2	-10081.6	-10070.4
4	-10081.6	-10079.4	-10081.6	-10081.6
5	-10083.2	-10079.4	-10083.2	-10081.6
6	-10086.4	-10086.4	-10083.2	-10081.6
7	-10086.4	-10086.4	-10083.2	-10084.1
8	-10087.3	-10086.4	-10083.2	-10087.3
9	-10087.3	-10086.4	-10083.2	-10087.3
10	-10087.3	-10086.4	-10083.2	-10087.3
11	-10087.3	-10086.4	-10083.2	-10087.3
12	-10087.3	-10086.4	-10083.2	-10087.3
13	-10087.3	-10086.4	-10083.2	-10087.3
14	-10087.3	-10086.4	-10083.2	-10087.3
15	-10087.3	-10086.4	-10083.2	-10087.3
16	-10087.3	-10086.4	-10083.2	-10087.3
17	-10087.3	-10086.4	-10083.2	-10087.3
18	-10087.3	-10086.4	-10083.2	-10087.3
19	-10087.3	-10086.4	-10083.2	-10087.3
20	-10087.3	-10087.3	-10087.3	-10087.3
21	-10087.3	-10087.3	-10087.3	-10087.3
22	-10087.3	-10087.3	-10087.3	-10087.3
23	-10101.5	-10087.3	-10101.5	-10087.3
24	-10101.5	-10087.3	-10101.5	-10087.3
25	-10101.5	-10087.3	-10101.5	-10087.3
26	-10101.5	-10087.3	-10101.5	-10087.3
27	-10101.5	-10087.3	-10101.5	-10087.3
28	-10101.5	-10087.3	-10101.5	-10087.3
29	-10101.5	-10087.3	-10101.5	-10087.3
30	-10101.5	-10087.3	-10101.5	-10087.3
31	-10101.5	-10087.7	-10101.5	-10087.3
32	-10101.5	-10087.7	-10101.5	-10087.3
33	-10101.5	-10087.7	-10101.5	-10087.3
34	-10101.5	-10087.7	-10101.5	-10087.3
35	-10101.5	-10087.7	-10101.5	-10087.3
36	-10101.5	-10087.7	-10101.5	-10087.3
37	-10101.5	-10087.7	-10101.5	-10087.3
38	-10101.5	-10087.7	-10101.5	-10087.3
39	-10101.5	-10087.7	-10101.5	-10087.3
40	-10101.5	-10101.5	-10101.5	-10101.5
41	-10101.5	-10101.5	-10101.5	-10101.5
42	-10101.5	-10101.5	-10101.5	-10101.5
43	-10101.5	-10101.5	-10101.5	-10101.5
44	-10101.5	-10101.5	-10101.5	-10101.5
45	-10101.5	-10101.5	-10101.5	-10101.5
46	-10101.5	-10101.5	-10101.5	-10101.5
47	-10101.5	-10101.5	-10101.5	-10101.5
48	-10101.5	-10101.5	-10101.5	-10101.5
49	-10101.5	-10101.5	-10101.5	-10101.5
50	-10101.5	-10101.5	-10101.5	-10101.5
51	-10101.5	-10101.5	-10101.5	-10101.5
52	-10101.5	-10101.5	-10101.5	-10101.5
53	-10101.5	-10101.5	-10101.5	-10101.5
54	-10101.5	-10101.5	-10101.5	-10101.5
55	-10101.5	-10101.5	-10101.5	-10101.5
56	-10101.5	-10101.5	-10101.5	-10101.5
57	-10101.5	-10101.5	-10101.5	-10101.5
58	-10101.5	-10101.5	-10101.5	-10101.5
59	-10101.5	-10101.5	-10101.5	-10101.5
60	-10101.5	-10101.5	-10101.5	-10101.5
61	-10101.5	-10101.5	-10101.5	-10101.5
62	-10101.5	-10101.5	-10101.5	-10101.5
63	-10101.5	-10101.5	-10101.5	-10101.5
64	-10101.5	-10101.5	-10101.5	-10101.5
65	-10101.5	-10101.5	-10101.5	-10101.5
66	-10101.5	-10101.5	-10101.5	-10101.5
67	-10101.5	-10101.5	-10101.5	-10101.5
68	-10101.5	-10101.5	-10101.5	-10101.5
69	-10101.5	-10101.5	-10101.5	-10101.5
70	-10101.5	-10101.5	-10101.5	-10101.5
71	-10101.5	-10101.5	-10101.5	-10101.5
72	-10101.5	-10101.5	-10101.5	-10101.5
73	-10101.5	-10101.5	-10101.5	-10101.5
74	-10101.5	-10101.5	-10101.5	-10101.5
75	-10101.5	-10101.5	-10101.5	-10101.5
76	-10101.5	-10101.5	-10101.5	-10101.5
77	-10101.5	-10101.5	-10101.5	-10101.5
78	-10101.5	-10101.5	-10101.5	-10101.5
79	-10101.5	-10101.5	-10101.5	-10101.5
80	-10101.5	-10101.5	-10101.5	-10101.5
81	-10101.5	-10101.5	-10101.5	-10101.5
82	-10101.5	-10101.5	-10101.5	-10101.5
83	-10101.5	-10101.5	-10101.5	-10101.5
84	-10101.5	-10101.5	-10101.5	-10101.5
85	-10101.5	-10101.5	-10101.5	-10101.5
86	-10101.5	-10101.5	-10101.5	-10101.5
87	-10101.5	-10101.5	-10101.5	-10101.5
88	-10101.5	-10101.5	-10101.5	-10101.5
89	-10101.5	-10101.5	-10101.5	-10101.5
90	-10101.5	-10101.5	-10101.5	-10101.5
91	-10101.5	-10101.5	-10101.5	-10101.5
92	-10101.5	-10101.5	-10101.5	-10101.5
93	-10101.5	-10101.5	-10101.5	-10101.5
94	-10101.5	-10101.5	-10101.5	-10101.5
95	-10101.5	-10101.5	-10101.5	-10101.5
96	-10101.5	-10101.5	-10101.5	-10101.5
97	-10101.5	-10101.5	-10101.5	-10101.5
98	-10101.5	-10101.5	-10101.5	-10101.5
99	-10101.5	-10101.5	-10101.5	-10101.5
100	-10101.5	-10101.5	-10101.5	-10101.5
1	-10079.6	-10079.6	-10070.2	-10073.9
2	-10079.6	-10079.6	-10070.2	-10074.6
3	-10079.6	-10079.6	-10072.8	-10074.6
4	-10081.6	-10081.6	-10072.8	-10074.6
5	-10081.6	-10081.6	-10072.8	-10074.6
6	-10081.6	-10081.6	-10072.8	-10074.6
7	-10081.6	-10081.6	-10072.8	-10075.4
8	-10081.6	-10081.6	-10072.8	-10075.4
9	-10087.3	-10087.3	-10072.8	-10075.4
10	-10087.3	-10087.3	-10082.2	-10075.4
11	-10087.3	-10087.3	-10082.2	-10081.6
12	-10087.3	-10087.3	-10082.2	-10081.6
13	-10087.3	-10087.3	-10082.2	-10081.6
14	-10087.3	-10087.3	-10082.2	-10081.6
15	-10087.3	-10087.3	-10082.2	-10081.6
16	-10087.3	-10087.3	-10082.2	-10081.6
17	-10087.3	-10087.3	-10082.2	-10081.6
18	-10087.3	-10087.3	-10082.2	-10081.6
19	-10087.3	-10087.3	-10083.8	-10081.6
20	-10087.3	-10087.3	-10087.3	-10087.3
21	-10087.3	-10087.3	-10087.3	-10087.3
22	-10087.3	-10087.3	-10087.3	-10087.3
23	-10087.3	-10087.3	-10087.3	-10087.3
24	-10087.3	-10087.3	-10087.3	-10087.3
25	-10087.3	-10087.3	-10087.3	-10087.3
26	-10087.3	-10087.3	-10087.3	-10087.3
27	-10087.3	-10087.3	-10087.3	-10087.3
28	-10087.3	-10087.3	-10087.3	-10087.3
29	-10087.7	-10087.3	-10087.7	-10087.3
30	-10087.7	-10087.3	-10087.7	-10087.3
31	-10087.7	-10087.3	-10087.7	-10087.3
32	-10087.7	-10087.3	-10087.7	-10087.3
33	-10087.7	-10087.3	-10087.7	-10087.3
34	-10087.7	-10087.3	-10087.7	-10087.3
35	-10087.7	-10087.3	-10087.7	-10087.3
36	-10087.7	-10087.3	-10087.7	-10087.3
37	-10087.7	-10087.3	-10087.7	-10087.3
38	-10087.7	-10087.3	-10087.7	-10087.3
39	-10087.7	-10087.3	-10087.7	-10087.3
40	-10087.7	-10087.7	-10087.7	-10087.7
41	-10087.7	-10087.7	-10087.7	-10087.7
42	-10087.7	-10087.7	-10087.7	-10087.7
43	-10087.7	-10087.7	-10087.7	-10087.7
44	-10087.7	-10087.7	-10087.7	-10087.7
45	-10087.7	-10087.7	-10087.7	-10087.7
46	-10087.7	-10087.7	-10087.7	-10087.7
47	-10087.7	-10087.7	-10087.7	-10087.7
48	-10087.7	-10087.7	-10087.7	-10087.7
49	-10087.7	-10087.7	-10087.7	-10087.7
50	-10087.7	-10087.7	-10087.7	-10087.7
51	-10087.7	-10087.7	-10087.7	-10087.7
52	-10087.7	-10087.7	-10087.7	-10087.7
53	-10087.7	-10087.7	-10087.7	-10087.7
54	-10087.7	-10087.7	-10087.7	-10087.7
55	-10087.7	-10087.7	-10087.7	-10087.7
56	-10087.7	-10087.7	-10087.7	-10087.7
57	-10087.7	-10087.7	-10087.7	-10087.7
58	-10087.7	-10087.7	-10087.7	-10087.7
59	-10087.7	-10087.7	-10087.7	-10087.7
60	-10087.7	-10087.7	-10087.7	-10087.7
61	-10087.7	-10087.7	-10087.7	-10087.7
62	-10087.7	-10087.7	-10087.7	-10087.7
63	-10087.7	-10087.7	-10087.7	-10087.7
64	-10087.7	-10087.7	-10087.7	-10087.7
65	-10087.7	-10087.7	-10087.7	-10087.7
66	-10087.7	-10087.7	-10087.7	-10087.7
67	-10087.7	-10087.7	-10087.7	-10087.7
68	-10087.7	-10087.7	-10087.7	-10087.7
69	-10087.7	-10087.7	-10087.7	-10087.7
70	-10087.7	-10087.7	-10087.7	-10087.7
71	-10088	-10087.7	-10088	-10087.7
72	-10088	-10087.7	-10088	-10087.7
73	-10088	-10087.7	-10088	-10087.7
74	-10088	-10087.7	-10088	-10087.7
75	-10088	-10087.7	-10088	-10087.7
76	-10088	-10087.7	-10088	-10087.7
77	-10088	-10087.7	-10088	-10087.7
78	-10091.5	-10087.7	-10088	-10091.5
79	-10091.5	-10087.7	-10088	-10091.5
80	-10101.5	-10101.5	-10101.5	-10101.5
81	-10101.5	-10101.5	-10101.5	-10101.5
82	-10101.5	-10101.5	-10101.5	-10101.5
83	-10101.5	-10101.5	-10101.5	-10101.5
84	-10101.5	-10101.5	-10101.5	-10101.5
85	-10101.5	-10101.5	-10101.5	-10101.5
86	-10101.5	-10101.5	-10101.5	-10101.5
87	-10101.5	-10101.5	-10101.5	-10101.5
88	-10101.5	-10101.5	-10101.5	-10101.5
89	-10101.5	-10101.5	-10101.5	-10101.5
90	-10101.5	-10101.5	-10101.5	-10101.5
91	-10101.5	-10101.5	-10101.5	-10101.5
92	-10101.5	-10101.5	-10101.5	-10101.5
93	-10101.5	-10101.5	-10101.5	-10101.5
94	-10101.5	-10101.5	-10101.5	-10101.5
95	-10101.5	-10101.5	-10101.5	-10101.5
96	-10101.5	-10101.5	-10101.5	-10101.5
97	-10101.5	-10101.5	-10101.5	-10101.5
98	-10101.5	-10101.5	-10101.5	-10101.5
99	-10101.5	-10101.5	-10101.5	-10101.5
100	-10101.5	-10101.5	-10101.5	-10101.5
1	-10076.7	-10072	-10076.7	-10067.9
2	-10076.7	-10072	-10076.7	-10068.3
3	-10081.9	-10072	-10081.9	-10068.3
4	-10081.9	-10072	-10081.9	-10069.4
5	-10081.9	-10072	-10081.9	-10072.6
6	-10081.9	-10080	-10081.9	-10072.6
7	-10082.1	-10082.1	-10081.9	-10073.8
8	-10085.7	-10082.1	-10085.7	-10075.3
9	-10085.7	-10082.1	-10085.7	-10077.9
10	-10085.7	-10082.1	-10085.7	-10077.9
11	-10085.7	-10083.5	-10085.7	-10077.9
12	-10085.7	-10083.5	-10085.7	-10077.9
13	-10085.7	-10083.5	-10085.7	-10077.9
14	-10085.7	-10084.1	-10085.7	-10077.9
15	-10085.7	-10084.1	-10085.7	-10077.9
16	-10085.7	-10084.1	-10085.7	-10077.9
17	-10085.7	-10084.9	-10085.7	-10081.6
18	-10085.7	-10084.9	-10085.7	-10081.6
19	-10085.7	-10084.9	-10085.7	-10081.6
20	-10085.7	-10085.7	-10085.7	-10085.7
21	-10085.7	-10085.7	-10085.7	-10085.7
22	-10085.7	-10085.7	-10085.7	-10085.7
23	-10085.7	-10085.7	-10085.7	-10085.7
24	-10085.7	-10085.7	-10085.7	-10085.7
25	-10087.3	-10087.3	-10085.7	-10085.7
26	-10087.3	-10087.3	-10086.4	-10085.7
27	-10087.3	-10087.3	-10086.4	-10085.7
28	-10087.3	-10087.3	-10086.4	-10085.7
29	-10087.3	-10087.3	-10086.4	-10085.7
30	-10087.3	-10087.3	-10086.4	-10085.7
31	-10087.3	-10087.3	-10086.4	-10085.7
32	-10087.3	-10087.3	-10086.4	-10085.7
33	-10087.3	-10087.3	-10086.4	-10085.7
34	-10087.3	-10087.3	-10086.4	-10087.3
35	-10101.5	-10087.3	-10086.4	-10101.5
36	-10101.5	-10087.3	-10086.4	-10101.5
37	-10101.5	-10087.3	-10086.4	-10101.5
38	-10101.5	-10087.3	-10086.4	-10101.5
39	-10101.5	-10087.3	-10086.4	-10101.5
40	-10101.5	-10101.5	-10101.5	-10101.5
41	-10101.5	-10101.5	-10101.5	-10101.5
42	-10101.5	-10101.5	-10101.5	-10101.5
43	-10101.5	-10101.5	-10101.5	-10101.5
44	-10101.5	-10101.5	-10101.5	-10101.5
45	-10101.5	-10101.5	-10101.5	-10101.5
46	-10101.5	-10101.5	-10101.5	-10101.5
47	-10101.5	-10101.5	-10101.5	-10101.5
48	-10101.5	-10101.5	-10101.5	-10101.5
49	-10101.5	-10101.5	-10101.5	-10101.5
50	-10101.5	-10101.5	-10101.5	-10101.5
51	-10101.5	-10101.5	-10101.5	-10101.5
52	-10101.5	-10101.5	-10101.5	-10101.5
53	-10101.5	-10101.5	-10101.5	-10101.5
54	-10101.5	-10101.5	-10101.5	-10101.5
55	-10101.5	-10101.5	-10101.5	-10101.5
56	-10101.5	-10101.5	-10101.5	-10101.5
57	-10101.5	-10101.5	-10101.5	-10101.5
58	-10101.5	-10101.5	-10101.5	-10101.5
59	-10101.5	-10101.5	-10101.5	-10101.5
60	-10101.5	-10101.5	-10101.5	-10101.5
61	-10101.5	-10101.5	-10101.5	-10101.5
62	-10101.5	-10101.5	-10101.5	-10101.5
63	-10101.5	-10101.5	-10101.5	-10101.5
64	-10101.5	-10101.5	-10101.5	-10101.5
65	-10101.5	-10101.5	-10101.5	-10101.5
66	-10101.5	-10101.5	-10101.5	-10101.5
67	-10101.5	-10101.5	-10101.5	-10101.5
68	-10101.5	-10101.5	-10101.5	-10101.5
69	-10101.5	-10101.5	-10101.5	-10101.5
70	-10101.5	-10101.5	-10101.5	-10101.5
71	-10101.5	-10101.5	-10101.5	-10101.5
72	-10101.5	-10101.5	-10101.5	-10101.5
73	-10101.5	-10101.5	-10101.5	-10101.5
74	-10101.5	-10101.5	-10101.5	-10101.5
75	-10101.5	-10101.5	-10101.5	-10101.5
76	-10101.5	-10101.5	-10101.5	-10101.5
77	-10101.5	-10101.5	-10101.5	-10101.5
78	-10101.5	-10101.5	-10101.5	-10101.5
79	-10101.5	-10101.5	-10101.5	-10101.5
80	-10101.5	-10101.5	-10101.5	-10101.5
81	-10101.5	-10101.5	-10101.5	-10101.5
82	-10101.5	-10101.5	-10101.5	-10101.5
83	-10101.5	-10101.5	-10101.5	-10101.5
84	-10101.5	-10101.5	-10101.5	-10101.5
85	-10101.5	-10101.5	-10101.5	-10101.5
86	-10101.5	-10101.5	-10101.5	-10101.5
87	-10101.5	-10101.5	-10101.5	-10101.5
88	-10101.5	-10101.5	-10101.5	-10101.5
89	-10101.5	-10101.5	-10101.5	-10101.5
90	-10101.5	-10101.5	-10101.5	-10101.5
91	-10101.5	-10101.5	-10101.5	-10101.5
92	-10101.5	-10101.5	-10101.5	-10101.5
93	-10101.5	-10101.5	-10101.5	-10101.5
94	-10101.5	-10101.5	-10101.5	-10101.5
95	-10101.5	-10101.5	-10101.5	-10101.5
96	-10101.5	-10101.5	-10101.5	-10101.5
97	-10101.5	-10101.5	-10101.5	-10101.5
98	-10101.5	-10101.5	-10101.5	-10101.5
99	-10101.5	-10101.5	-10101.5	-10101.5
100	-10101.5	-10101.5	-10101.5	-10101.5
