1	-10032.6	-10032.6	-10025.8	-10013.7
2	-10034.2	-10034.2	-10025.8	-10014.8
3	-10034.2	-10034.2	-10025.8	-10022.9
4	-10035.1	-10035.1	-10025.8	-10022.9
5	-10035.7	-10035.7	-10031.1	-10022.9
6	-10035.7	-10035.7	-10031.1	-10023.7
7	-10035.7	-10035.7	-10034.5	-10023.7
8	-10038.7	-10037.7	-10038.7	-10024.5
9	-10038.7	-10037.7	-10038.7	-10027.8
10	-10038.7	-10038	-10038.7	-10027.8
11	-10044.3	-10038	-10044.3	-10027.8
12	-10044.3	-10040.7	-10044.3	-10027.8
13	-10044.3	-10040.7	-10044.3	-10027.8
14	-10058	-10058	-10044.8	-10037
15	-10058	-10058	-10044.8	-10037
16	-10058	-10058	-10045.6	-10037
17	-10058	-10058	-10045.6	-10038.5
18	-10058.4	-10058.4	-10045.6	-10038.5
19	-10058.4	-10058.4	-10045.6	-10038.5
20	-10058.4	-10058.4	-10058.4	-10058.4
21	-10066	-10059.7	-10066	-10058.4
22	-10066	-10059.7	-10066	-10058.4
23	-10066	-10059.7	-10066	-10058.4
24	-10066	-10059.7	-10066	-10058.4
25	-10066	-10059.7	-10066	-10058.4
26	-10066	-10059.7	-10066	-10058.4
27	-10066	-10059.7	-10066	-10058.4
28	-10066	-10059.7	-10066	-10058.4
29	-10066	-10059.7	-10066	-10058.4
30	-10066	-10059.7	-10066	-10058.4
31	-10066	-10059.7	-10066	-10058.4
32	-10066	-10059.7	-10066	-10058.4
33	-10066	-10059.7	-10066	-10058.4
34	-10066	-10059.7	-10066	-10058.4
35	-10066	-10059.7	-10066	-10058.4
36	-10066	-10059.7	-10066	-10058.4
37	-10066	-10059.7	-10066	-10058.4
38	-10066	-10059.7	-10066	-10058.4
39	-10066	-10059.7	-10066	-10058.4
40	-10066	-10066	-10066	-10066
41	-10066	-10066	-10066	-10066
42	-10066	-10066	-10066	-10066
43	-10066	-10066	-10066	-10066
44	-10066	-10066	-10066	-10066
45	-10066	-10066	-10066	-10066
46	-10066	-10066	-10066	-10066
47	-10066	-10066	-10066	-10066
48	-10066	-10066	-10066	-10066
49	-10066	-10066	-10066	-10066
50	-10066	-10066	-10066	-10066
51	-10066	-10066	-10066	-10066
52	-10066	-10066	-10066	-10066
53	-10066	-10066	-10066	-10066
54	-10066	-10066	-10066	-10066
55	-10066	-10066	-10066	-10066
56	-10066	-10066	-10066	-10066
57	-10066	-10066	-10066	-10066
58	-10066	-10066	-10066	-10066
59	-10066	-10066	-10066	-10066
60	-10066	-10066	-10066	-10066
61	-10066	-10066	-10066	-10066
62	-10066	-10066	-10066	-10066
63	-10066	-10066	-10066	-10066
64	-10066	-10066	-10066	-10066
65	-10066	-10066	-10066	-10066
66	-10066	-10066	-10066	-10066
67	-10066	-10066	-10066	-10066
68	-10066	-10066	-10066	-10066
69	-10066	-10066	-10066	-10066
70	-10066	-10066	-10066	-10066
71	-10066	-10066	-10066	-10066
72	-10066	-10066	-10066	-10066
73	-10066	-10066	-10066	-10066
74	-10066	-10066	-10066	-10066
75	-10066	-10066	-10066	-10066
76	-10066	-10066	-10066	-10066
77	-10066	-10066	-10066	-10066
78	-10066	-10066	-10066	-10066
79	-10066	-10066	-10066	-10066
80	-10066	-10066	-10066	-10066
81	-10066	-10066	-10066	-10066
82	-10066	-10066	-10066	-10066
83	-10066	-10066	-10066	-10066
84	-10066	-10066	-10066	-10066
85	-10066	-10066	-10066	-10066
86	-10066	-10066	-10066	-10066
87	-10066	-10066	-10066	-10066
88	-10066	-10066	-10066	-10066
89	-10066	-10066	-10066	-10066
90	-10066	-10066	-10066	-10066
91	-10066	-10066	-10066	-10066
92	-10066	-10066	-10066	-10066
93	-10066	-10066	-10066	-10066
94	-10066	-10066	-10066	-10066
95	-10066	-10066	-10066	-10066
96	-10066	-10066	-10066	-10066
97	-10066	-10066	-10066	-10066
98	-10066	-10066	-10066	-10066
99	-10066	-10066	-10066	-10066
100	-10066	-10066	-10066	-10066
1	-10026.7	-10018.4	-10025.4	-10026.7
2	-10026.7	-10022	-10025.4	-10026.7
3	-10029.6	-10022	-10029.6	-10026.7
4	-10029.6	-10028.1	-10029.6	-10026.7
5	-10036.4	-10036.4	-10029.6	-10026.7
6	-10040	-10040	-10029.6	-10033.2
7	-10040	-10040	-10029.6	-10035.8
8	-10040	-10040	-10037	-10036
9	-10040	-10040	-10037	-10036
10	-10045.6	-10041.5	-10045.6	-10036
11	-10045.6	-10041.5	-10045.6	-10036
12	-10056.6	-10041.5	-10056.6	-10036
13	-10056.6	-10041.5	-10056.6	-10039.6
14	-10059.7	-10041.5	-10059.7	-10039.6
15	-10059.7	-10041.5	-10059.7	-10039.6
16	-10066	-10041.5	-10066	-10039.6
17	-10066	-10041.5	-10066	-10039.6
18	-10066	-10041.5	-10066	-10039.6
19	-10066	-10041.5	-10066	-10043.7
20	-10066	-10066	-10066	-10066
21	-10066	-10066	-10066	-10066
22	-10066	-10066	-10066	-10066
23	-10066	-10066	-10066	-10066
24	-10066	-10066	-10066	-10066
25	-10066	-10066	-10066	-10066
26	-10066	-10066	-10066	-10066
27	-10066	-10066	-10066	-10066
28	-10066	-10066	-10066	-10066
29	-10066	-10066	-10066	-10066
30	-10066	-10066	-10066	-10066
31	-10066	-10066	-10066	-10066
32	-10066	-10066	-10066	-10066
33	-10066	-10066	-10066	-10066
34	-10066	-10066	-10066	-10066
35	-10066	-10066	-10066	-10066
36	-10066	-10066	-10066	-10066
37	-10066	-10066	-10066	-10066
38	-10066	-10066	-10066	-10066
39	-10066	-10066	-10066	-10066
40	-10066	-10066	-10066	-10066
41	-10066	-10066	-10066	-10066
42	-10066	-10066	-10066	-10066
43	-10066	-10066	-10066	-10066
44	-10066	-10066	-10066	-10066
45	-10066	-10066	-10066	-10066
46	-10066	-10066	-10066	-10066
47	-10066	-10066	-10066	-10066
48	-10066	-10066	-10066	-10066
49	-10066	-10066	-10066	-10066
50	-10066	-10066	-10066	-10066
51	-10066	-10066	-10066	-10066
52	-10066	-10066	-10066	-10066
53	-10066	-10066	-10066	-10066
54	-10066	-10066	-10066	-10066
55	-10066	-10066	-10066	-10066
56	-10066	-10066	-10066	-10066
57	-10066	-10066	-10066	-10066
58	-10066	-10066	-10066	-10066
59	-10066	-10066	-10066	-10066
60	-10066	-10066	-10066	-10066
61	-10066	-10066	-10066	-10066
62	-10066	-10066	-10066	-10066
63	-10066	-10066	-10066	-10066
64	-10066	-10066	-10066	-10066
65	-10066	-10066	-10066	-10066
66	-10066	-10066	-10066	-10066
67	-10066	-10066	-10066	-10066
68	-10066	-10066	-10066	-10066
69	-10066	-10066	-10066	-10066
70	-10066	-10066	-10066	-10066
71	-10066	-10066	-10066	-10066
72	-10066	-10066	-10066	-10066
73	-10066	-10066	-10066	-10066
74	-10066	-10066	-10066	-10066
75	-10066	-10066	-10066	-10066
76	-10066	-10066	-10066	-10066
77	-10066	-10066	-10066	-10066
78	-10066	-10066	-10066	-10066
79	-10066	-10066	-10066	-10066
80	-10066	-10066	-10066	-10066
81	-10066	-10066	-10066	-10066
82	-10066	-10066	-10066	-10066
83	-10066	-10066	-10066	-10066
84	-10066	-10066	-10066	-10066
85	-10066	-10066	-10066	-10066
86	-10066	-10066	-10066	-10066
87	-10066	-10066	-10066	-10066
88	-10066	-10066	-10066	-10066
89	-10066	-10066	-10066	-10066
90	-10066	-10066	-10066	-10066
91	-10066	-10066	-10066	-10066
92	-10066	-10066	-10066	-10066
93	-10066	-10066	-10066	-10066
94	-10066	-10066	-10066	-10066
95	-10066	-10066	-10066	-10066
96	-10066	-10066	-10066	-10066
97	-10066	-10066	-10066	-10066
98	-10066	-10066	-10066	-10066
99	-10066	-10066	-10066	-10066
100	-10066	-10066	-10066	-10066
1	-10018.6	-10018.6	-10018.1	-10007.6
2	-10032	-10032	-10018.4	-10017.5
3	-10032	-10032	-10018.4	-10017.5
4	-10032	-10032	-10027.7	-10030.6
5	-10032	-10032	-10027.7	-10030.6
6	-10032	-10032	-10027.9	-10030.6
7	-10033.3	-10033.3	-10027.9	-10030.6
8	-10033.3	-10033.3	-10028.4	-10030.6
9	-10033.3	-10033.3	-10029.2	-10030.6
10	-10033.3	-10033.3	-10029.2	-10031
11	-10033.3	-10033.3	-10029.2	-10031
12	-10035.3	-10035.3	-10029.2	-10031.6
13	-10046.1	-10035.3	-10035.1	-10046.1
14	-10046.1	-10035.5	-10037.8	-10046.1
15	-10046.1	-10035.5	-10037.8	-10046.1
16	-10046.1	-10036.8	-10037.8	-10046.1
17	-10046.1	-10036.8	-10037.8	-10046.1
18	-10046.1	-10043.7	-10037.8	-10046.1
19	-10046.1	-10043.7	-10045.6	-10046.1
20	-10046.1	-10046.1	-10046.1	-10046.1
21	-10048.7	-10046.1	-10046.1	-10048.7
22	-10048.7	-10046.1	-10046.1	-10048.7
23	-10048.7	-10046.1	-10046.1	-10048.7
24	-10048.7	-10046.1	-10046.1	-10048.7
25	-10048.7	-10046.1	-10046.1	-10048.7
26	-10048.7	-10046.1	-10046.1	-10048.7
27	-10058.4	-10058.4	-10046.1	-10048.7
28	-10058.4	-10058.4	-10046.1	-10048.7
29	-10058.4	-10058.4	-10046.1	-10048.7
30	-10058.4	-10058.4	-10046.1	-10048.7
31	-10058.4	-10058.4	-10046.1	-10048.7
32	-10058.4	-10058.4	-10046.1	-10048.7
33	-10058.4	-10058.4	-10046.1	-10048.7
34	-10058.4	-10058.4	-10046.1	-10048.7
35	-10058.4	-10058.4	-10046.1	-10048.7
36	-10058.4	-10058.4	-10046.1	-10048.7
37	-10058.4	-10058.4	-10046.1	-10048.7
38	-10064.6	-10064.6	-10046.1	-10048.7
39	-10064.6	-10064.6	-10046.1	-10048.7
40	-10064.6	-10064.6	-10064.6	-10064.6
41	-10064.6	-10064.6	-10064.6	-10064.6
42	-10064.6	-10064.6	-10064.6	-10064.6
43	-10066	-10064.6	-10066	-10064.6
44	-10066	-10064.6	-10066	-10064.6
45	-10066	-10064.6	-10066	-10064.6
46	-10066	-10064.6	-10066	-10064.6
47	-10066	-10064.6	-10066	-10064.6
48	-10066	-10064.6	-10066	-10064.6
49	-10066	-10064.6	-10066	-10064.6
50	-10066	-10066	-10066	-10064.6
51	-10066	-10066	-10066	-10064.6
52	-10066	-10066	-10066	-10064.6
53	-10066	-10066	-10066	-10064.6
54	-10066	-10066	-10066	-10064.6
55	-10066	-10066	-10066	-10064.6
56	-10066	-10066	-10066	-10064.6
57	-10066	-10066	-10066	-10064.6
58	-10066	-10066	-10066	-10064.6
59	-10066	-10066	-10066	-10066
60	-10066	-10066	-10066	-10066
61	-10066	-10066	-10066	-10066
62	-10066	-10066	-10066	-10066
63	-10066	-10066	-10066	-10066
64	-10066	-10066	-10066	-10066
65	-10066	-10066	-10066	-10066
66	-10066	-10066	-10066	-10066
67	-10066	-10066	-10066	-10066
68	-10066	-10066	-10066	-10066
69	-10066	-10066	-10066	-10066
70	-10066	-10066	-10066	-10066
71	-10066	-10066	-10066	-10066
72	-10066	-10066	-10066	-10066
73	-10066	-10066	-10066	-10066
74	-10066	-10066	-10066	-10066
75	-10066	-10066	-10066	-10066
76	-10066	-10066	-10066	-10066
77	-10066	-10066	-10066	-10066
78	-10066	-10066	-10066	-10066
79	-10066	-10066	-10066	-10066
80	-10066	-10066	-10066	-10066
81	-10066	-10066	-10066	-10066
82	-10066	-10066	-10066	-10066
83	-10066	-10066	-10066	-10066
84	-10066	-10066	-10066	-10066
85	-10066	-10066	-10066	-10066
86	-10066	-10066	-10066	-10066
87	-10066	-10066	-10066	-10066
88	-10066	-10066	-10066	-10066
89	-10066	-10066	-10066	-10066
90	-10066	-10066	-10066	-10066
91	-10066	-10066	-10066	-10066
92	-10066	-10066	-10066	-10066
93	-10066	-10066	-10066	-10066
94	-10066	-10066	-10066	-10066
95	-10066	-10066	-10066	-10066
96	-10066	-10066	-10066	-10066
97	-10066	-10066	-10066	-10066
98	-10066	-10066	-10066	-10066
99	-10066	-10066	-10066	-10066
100	-10066	-10066	-10066	-10066
