1	-9962.2	-9960.7	-9961.64	-9962.2
2	-9971.3	-9965.56	-9971.3	-9965.41
3	-9971.74	-9971.74	-9971.3	-9965.41
4	-9975.43	-9972.03	-9975.43	-9973.45
5	-9977.87	-9974.49	-9977.87	-9973.45
6	-9978.25	-9974.49	-9978.25	-9973.45
7	-9988.31	-9974.49	-9988.31	-9982.4
8	-9990.49	-9977.11	-9990.49	-9982.4
9	-9990.49	-9977.11	-9990.49	-9982.4
10	-10010.8	-10010.8	-9990.68	-9982.4
11	-10010.8	-10010.8	-9990.68	-9982.4
12	-10010.8	-10010.8	-9990.68	-9982.4
13	-10010.8	-10010.8	-9990.68	-9986.58
14	-10010.8	-10010.8	-9990.68	-9997.41
15	-10010.8	-10010.8	-9990.68	-9997.41
16	-10013.4	-10013.4	-9990.68	-9997.41
17	-10013.4	-10013.4	-9990.68	-9997.41
18	-10013.4	-10013.4	-9990.68	-9997.41
19	-10013.4	-10013.4	-9990.68	-9997.41
20	-10013.4	-10013.4	-10013.4	-10013.4
21	-10020.9	-10013.4	-10020.9	-10013.4
22	-10020.9	-10013.4	-10020.9	-10013.4
23	-10020.9	-10014.4	-10020.9	-10013.4
24	-10020.9	-10014.4	-10020.9	-10013.4
25	-10020.9	-10014.4	-10020.9	-10013.5
26	-10020.9	-10014.4	-10020.9	-10013.5
27	-10020.9	-10019.4	-10020.9	-10017.6
28	-10020.9	-10019.4	-10020.9	-10017.6
29	-10020.9	-10019.4	-10020.9	-10017.6
30	-10020.9	-10019.4	-10020.9	-10017.6
31	-10020.9	-10019.4	-10020.9	-10017.6
32	-10020.9	-10019.4	-10020.9	-10017.6
33	-10020.9	-10019.4	-10020.9	-10017.6
34	-10020.9	-10019.4	-10020.9	-10017.6
35	-10020.9	-10019.4	-10020.9	-10017.6
36	-10020.9	-10019.4	-10020.9	-10017.6
37	-10020.9	-10019.4	-10020.9	-10017.6
38	-10020.9	-10019.4	-10020.9	-10017.6
39	-10020.9	-10019.4	-10020.9	-10017.6
40	-10020.9	-10020.9	-10020.9	-10020.9
41	-10020.9	-10020.9	-10020.9	-10020.9
42	-10020.9	-10020.9	-10020.9	-10020.9
43	-10020.9	-10020.9	-10020.9	-10020.9
44	-10020.9	-10020.9	-10020.9	-10020.9
45	-10020.9	-10020.9	-10020.9	-10020.9
46	-10020.9	-10020.9	-10020.9	-10020.9
47	-10020.9	-10020.9	-10020.9	-10020.9
48	-10020.9	-10020.9	-10020.9	-10020.9
49	-10020.9	-10020.9	-10020.9	-10020.9
50	-10020.9	-10020.9	-10020.9	-10020.9
51	-10020.9	-10020.9	-10020.9	-10020.9
52	-10020.9	-10020.9	-10020.9	-10020.9
53	-10020.9	-10020.9	-10020.9	-10020.9
54	-10020.9	-10020.9	-10020.9	-10020.9
55	-10020.9	-10020.9	-10020.9	-10020.9
56	-10020.9	-10020.9	-10020.9	-10020.9
57	-10020.9	-10020.9	-10020.9	-10020.9
58	-10020.9	-10020.9	-10020.9	-10020.9
59	-10023.9	-10023.9	-10020.9	-10020.9
60	-10023.9	-10023.9	-10023.9	-10023.9
61	-10023.9	-10023.9	-10023.9	-10023.9
62	-10023.9	-10023.9	-10023.9	-10023.9
63	-10023.9	-10023.9	-10023.9	-10023.9
64	-10023.9	-10023.9	-10023.9	-10023.9
65	-10023.9	-10023.9	-10023.9	-10023.9
66	-10023.9	-10023.9	-10023.9	-10023.9
67	-10023.9	-10023.9	-10023.9	-10023.9
68	-10023.9	-10023.9	-10023.9	-10023.9
69	-10023.9	-10023.9	-10023.9	-10023.9
70	-10023.9	-10023.9	-10023.9	-10023.9
71	-10023.9	-10023.9	-10023.9	-10023.9
72	-10023.9	-10023.9	-10023.9	-10023.9
73	-10023.9	-10023.9	-10023.9	-10023.9
74	-10023.9	-10023.9	-10023.9	-10023.9
75	-10023.9	-10023.9	-10023.9	-10023.9
76	-10023.9	-10023.9	-10023.9	-10023.9
77	-10023.9	-10023.9	-10023.9	-10023.9
78	-10023.9	-10023.9	-10023.9	-10023.9
79	-10023.9	-10023.9	-10023.9	-10023.9
80	-10023.9	-10023.9	-10023.9	-10023.9
81	-10023.9	-10023.9	-10023.9	-10023.9
82	-10023.9	-10023.9	-10023.9	-10023.9
83	-10023.9	-10023.9	-10023.9	-10023.9
84	-10023.9	-10023.9	-10023.9	-10023.9
85	-10023.9	-10023.9	-10023.9	-10023.9
86	-10023.9	-10023.9	-10023.9	-10023.9
87	-10023.9	-10023.9	-10023.9	-10023.9
88	-10023.9	-10023.9	-10023.9	-10023.9
89	-10023.9	-10023.9	-10023.9	-10023.9
90	-10023.9	-10023.9	-10023.9	-10023.9
91	-10023.9	-10023.9	-10023.9	-10023.9
92	-10023.9	-10023.9	-10023.9	-10023.9
93	-10023.9	-10023.9	-10023.9	-10023.9
94	-10023.9	-10023.9	-10023.9	-10023.9
95	-10023.9	-10023.9	-10023.9	-10023.9
96	-10023.9	-10023.9	-10023.9	-10023.9
97	-10023.9	-10023.9	-10023.9	-10023.9
98	-10023.9	-10023.9	-10023.9	-10023.9
99	-10023.9	-10023.9	-10023.9	-10023.9
100	-10023.9	-10023.9	-10023.9	-10023.9
1	-9981.67	-9969.22	-9981.67	-9969.79
2	-9981.67	-9971.11	-9981.67	-9972.27
3	-9983.47	-9972.76	-9983.47	-9972.27
4	-9983.47	-9973.44	-9983.47	-9982.71
5	-9984.13	-9977.47	-9983.47	-9984.13
6	-9985.59	-9977.47	-9983.47	-9985.59
7	-9992.3	-9980.85	-9983.47	-9992.3
8	-9992.3	-9980.85	-9983.47	-9992.3
9	-9992.3	-9980.85	-9986.74	-9992.3
10	-9996.04	-9980.85	-9986.94	-9996.04
11	-9998.13	-9980.85	-9990.06	-9998.13
12	-9998.13	-9980.85	-9990.06	-9998.13
13	-9998.13	-9980.85	-9990.07	-9998.13
14	-9998.13	-9985.37	-9990.07	-9998.13
15	-9998.6	-9985.37	-9998.6	-9998.13
16	-9998.6	-9985.37	-9998.6	-9998.13
17	-9998.6	-9985.37	-9998.6	-9998.13
18	-9998.6	-9985.37	-9998.6	-9998.13
19	-9998.6	-9985.37	-9998.6	-9998.13
20	-9998.6	-9998.6	-9998.6	-9998.6
21	-9999.07	-9998.6	-9998.6	-9999.07
22	-9999.07	-9998.6	-9998.6	-9999.07
23	-9999.07	-9998.6	-9998.6	-9999.07
24	-10001.9	-9998.6	-10001.1	-10001.9
25	-10002.1	-9998.6	-10002.1	-10001.9
26	-10002.1	-9998.6	-10002.1	-10001.9
27	-10002.1	-9998.6	-10002.1	-10001.9
28	-10002.1	-9998.6	-10002.1	-10001.9
29	-10002.1	-9998.6	-10002.1	-10001.9
30	-10002.1	-10001.1	-10002.1	-10001.9
31	-10002.1	-10001.1	-10002.1	-10001.9
32	-10002.1	-10001.1	-10002.1	-10001.9
33	-10002.1	-10001.1	-10002.1	-10001.9
34	-10002.1	-10001.1	-10002.1	-10001.9
35	-10006.6	-10001.1	-10006.6	-10001.9
36	-10006.6	-10001.1	-10006.6	-10001.9
37	-10006.6	-10001.1	-10006.6	-10001.9
38	-10006.6	-10001.1	-10006.6	-10001.9
39	-10006.6	-10001.1	-10006.6	-10001.9
40	-10006.6	-10006.6	-10006.6	-10006.6
41	-10006.6	-10006.6	-10006.6	-10006.6
42	-10006.6	-10006.6	-10006.6	-10006.6
43	-10006.6	-10006.6	-10006.6	-10006.6
44	-10006.6	-10006.6	-10006.6	-10006.6
45	-10006.6	-10006.6	-10006.6	-10006.6
46	-10006.6	-10006.6	-10006.6	-10006.6
47	-10006.6	-10006.6	-10006.6	-10006.6
48	-10006.6	-10006.6	-10006.6	-10006.6
49	-10008.9	-10006.6	-10008.9	-10006.6
50	-10008.9	-10006.6	-10008.9	-10006.6
51	-10008.9	-10006.6	-10008.9	-10006.6
52	-10008.9	-10006.6	-10008.9	-10006.6
53	-10008.9	-10006.6	-10008.9	-10006.6
54	-10008.9	-10006.6	-10008.9	-10006.6
55	-10008.9	-10006.6	-10008.9	-10006.6
56	-10008.9	-10006.6	-10008.9	-10006.6
57	-10008.9	-10006.6	-10008.9	-10006.6
58	-10008.9	-10006.6	-10008.9	-10006.6
59	-10008.9	-10006.6	-10008.9	-10006.6
60	-10008.9	-10008.9	-10008.9	-10008.9
61	-10008.9	-10008.9	-10008.9	-10008.9
62	-10008.9	-10008.9	-10008.9	-10008.9
63	-10008.9	-10008.9	-10008.9	-10008.9
64	-10008.9	-10008.9	-10008.9	-10008.9
65	-10008.9	-10008.9	-10008.9	-10008.9
66	-10008.9	-10008.9	-10008.9	-10008.9
67	-10008.9	-10008.9	-10008.9	-10008.9
68	-10008.9	-10008.9	-10008.9	-10008.9
69	-10008.9	-10008.9	-10008.9	-10008.9
70	-10008.9	-10008.9	-10008.9	-10008.9
71	-10008.9	-10008.9	-10008.9	-10008.9
72	-10008.9	-10008.9	-10008.9	-10008.9
73	-10011.6	-10011.6	-10008.9	-10008.9
74	-10011.6	-10011.6	-10008.9	-10008.9
75	-10011.6	-10011.6	-10008.9	-10008.9
76	-10011.6	-10011.6	-10008.9	-10008.9
77	-10011.6	-10011.6	-10008.9	-10008.9
78	-10011.6	-10011.6	-10008.9	-10008.9
79	-10011.6	-10011.6	-10008.9	-10008.9
80	-10011.6	-10011.6	-10011.6	-10011.6
81	-10014.8	-10011.6	-10014.8	-10013.5
82	-10019.3	-10011.6	-10019.3	-10013.5
83	-10020.9	-10011.6	-10020.9	-10013.5
84	-10020.9	-10013.2	-10020.9	-10013.5
85	-10023.9	-10013.2	-10023.9	-10013.5
86	-10023.9	-10013.2	-10023.9	-10017.6
87	-10023.9	-10013.2	-10023.9	-10017.6
88	-10023.9	-10013.2	-10023.9	-10019.4
89	-10023.9	-10013.2	-10023.9	-10019.4
90	-10023.9	-10013.4	-10023.9	-10019.4
91	-10023.9	-10013.4	-10023.9	-10019.4
92	-10023.9	-10017.6	-10023.9	-10019.4
93	-10023.9	-10018	-10023.9	-10019.4
94	-10023.9	-10018	-10023.9	-10019.4
95	-10023.9	-10023.9	-10023.9	-10019.4
96	-10023.9	-10023.9	-10023.9	-10019.4
97	-10023.9	-10023.9	-10023.9	-10019.4
98	-10023.9	-10023.9	-10023.9	-10019.4
99	-10023.9	-10023.9	-10023.9	-10019.4
100	-10023.9	-10023.9	-10023.9	-10023.9
1	-9989.64	-9989.64	-9966.24	-9951.92
2	-9989.64	-9989.64	-9966.88	-9966.21
3	-9989.64	-9989.64	-9976.13	-9969.04
4	-9997.53	-9989.64	-9984.05	-9997.53
5	-9997.53	-9990.63	-9984.05	-9997.53
6	-9997.53	-9990.63	-9984.93	-9997.53
7	-9997.53	-9990.63	-9985.31	-9997.53
8	-9997.53	-9990.63	-9985.51	-9997.53
9	-9997.53	-9990.63	-9988.42	-9997.53
10	-9997.53	-9990.63	-9988.42	-9997.53
11	-9997.53	-9990.63	-9988.77	-9997.53
12	-9997.53	-9990.63	-9988.77	-9997.53
13	-9997.53	-9990.63	-9988.77	-9997.53
14	-9997.53	-9990.63	-9988.77	-9997.53
15	-9997.53	-9990.63	-9988.77	-9997.53
16	-9997.53	-9996.17	-9988.77	-9997.53
17	-9997.53	-9996.17	-9988.77	-9997.53
18	-9997.53	-9996.17	-9988.77	-9997.53
19	-9997.53	-9997.23	-9988.77	-9997.53
20	-9997.53	-9997.53	-9997.53	-9997.53
21	-10000.2	-9997.53	-9997.53	-10000.2
22	-10002.4	-9997.53	-10002.4	-10000.2
23	-10003.7	-10003.7	-10002.4	-10000.2
24	-10003.7	-10003.7	-10003.3	-10000.2
25	-10003.7	-10003.7	-10003.3	-10000.2
26	-10003.7	-10003.7	-10003.3	-10002.2
27	-10003.7	-10003.7	-10003.3	-10002.2
28	-10017.3	-10003.7	-10003.3	-10017.3
29	-10019.6	-10003.7	-10003.3	-10019.6
30	-10019.6	-10003.7	-10003.3	-10019.6
31	-10019.6	-10003.7	-10003.3	-10019.6
32	-10019.6	-10003.7	-10003.3	-10019.6
33	-10019.6	-10003.7	-10007.5	-10019.6
34	-10020.9	-10003.7	-10020.9	-10019.6
35	-10020.9	-10003.7	-10020.9	-10019.6
36	-10023.9	-10007.5	-10023.9	-10019.6
37	-10023.9	-10007.5	-10023.9	-10019.6
38	-10023.9	-10007.5	-10023.9	-10019.6
39	-10023.9	-10007.5	-10023.9	-10019.6
40	-10023.9	-10023.9	-10023.9	-10023.9
41	-10023.9	-10023.9	-10023.9	-10023.9
42	-10023.9	-10023.9	-10023.9	-10023.9
43	-10023.9	-10023.9	-10023.9	-10023.9
44	-10023.9	-10023.9	-10023.9	-10023.9
45	-10023.9	-10023.9	-10023.9	-10023.9
46	-10023.9	-10023.9	-10023.9	-10023.9
47	-10023.9	-10023.9	-10023.9	-10023.9
48	-10023.9	-10023.9	-10023.9	-10023.9
49	-10023.9	-10023.9	-10023.9	-10023.9
50	-10023.9	-10023.9	-10023.9	-10023.9
51	-10023.9	-10023.9	-10023.9	-10023.9
52	-10023.9	-10023.9	-10023.9	-10023.9
53	-10023.9	-10023.9	-10023.9	-10023.9
54	-10023.9	-10023.9	-10023.9	-10023.9
55	-10023.9	-10023.9	-10023.9	-10023.9
56	-10023.9	-10023.9	-10023.9	-10023.9
57	-10023.9	-10023.9	-10023.9	-10023.9
58	-10023.9	-10023.9	-10023.9	-10023.9
59	-10023.9	-10023.9	-10023.9	-10023.9
60	-10023.9	-10023.9	-10023.9	-10023.9
61	-10023.9	-10023.9	-10023.9	-10023.9
62	-10023.9	-10023.9	-10023.9	-10023.9
63	-10023.9	-10023.9	-10023.9	-10023.9
64	-10023.9	-10023.9	-10023.9	-10023.9
65	-10023.9	-10023.9	-10023.9	-10023.9
66	-10023.9	-10023.9	-10023.9	-10023.9
67	-10023.9	-10023.9	-10023.9	-10023.9
68	-10023.9	-10023.9	-10023.9	-10023.9
69	-10023.9	-10023.9	-10023.9	-10023.9
70	-10023.9	-10023.9	-10023.9	-10023.9
71	-10023.9	-10023.9	-10023.9	-10023.9
72	-10023.9	-10023.9	-10023.9	-10023.9
73	-10023.9	-10023.9	-10023.9	-10023.9
74	-10023.9	-10023.9	-10023.9	-10023.9
75	-10023.9	-10023.9	-10023.9	-10023.9
76	-10023.9	-10023.9	-10023.9	-10023.9
77	-10023.9	-10023.9	-10023.9	-10023.9
78	-10023.9	-10023.9	-10023.9	-10023.9
79	-10023.9	-10023.9	-10023.9	-10023.9
80	-10023.9	-10023.9	-10023.9	-10023.9
81	-10023.9	-10023.9	-10023.9	-10023.9
82	-10023.9	-10023.9	-10023.9	-10023.9
83	-10023.9	-10023.9	-10023.9	-10023.9
84	-10023.9	-10023.9	-10023.9	-10023.9
85	-10023.9	-10023.9	-10023.9	-10023.9
86	-10023.9	-10023.9	-10023.9	-10023.9
87	-10023.9	-10023.9	-10023.9	-10023.9
88	-10023.9	-10023.9	-10023.9	-10023.9
89	-10023.9	-10023.9	-10023.9	-10023.9
90	-10023.9	-10023.9	-10023.9	-10023.9
91	-10023.9	-10023.9	-10023.9	-10023.9
92	-10023.9	-10023.9	-10023.9	-10023.9
93	-10023.9	-10023.9	-10023.9	-10023.9
94	-10023.9	-10023.9	-10023.9	-10023.9
95	-10023.9	-10023.9	-10023.9	-10023.9
96	-10023.9	-10023.9	-10023.9	-10023.9
97	-10023.9	-10023.9	-10023.9	-10023.9
98	-10023.9	-10023.9	-10023.9	-10023.9
99	-10023.9	-10023.9	-10023.9	-10023.9
100	-10023.9	-10023.9	-10023.9	-10023.9
