1	-9816.29	-9812.31	-9816.29	-9805.47
2	-9816.29	-9812.31	-9816.29	-9813.56
3	-9821.55	-9812.31	-9821.55	-9815.54
4	-9821.55	-9812.31	-9821.55	-9815.54
5	-9821.55	-9813.75	-9821.55	-9816.5
6	-9822.38	-9813.75	-9821.55	-9822.38
7	-9822.38	-9813.75	-9821.82	-9822.38
8	-9826.68	-9813.75	-9826.68	-9822.38
9	-9827.65	-9827.65	-9826.68	-9822.38
10	-9832.26	-9827.65	-9832.26	-9823.16
11	-9832.26	-9827.65	-9832.26	-9823.16
12	-9832.26	-9829.38	-9832.26	-9825.45
13	-9836.75	-9829.38	-9832.26	-9836.75
14	-9836.75	-9830.36	-9832.46	-9836.75
15	-9836.75	-9830.36	-9833.63	-9836.75
16	-9836.75	-9830.36	-9833.63	-9836.75
17	-9836.75	-9834.86	-9835.23	-9836.75
18	-9836.75	-9834.86	-9835.23	-9836.75
19	-9836.75	-9834.86	-9835.23	-9836.75
20	-9836.75	-9836.75	-9836.75	-9836.75
21	-9836.75	-9836.75	-9836.75	-9836.75
22	-9836.75	-9836.75	-9836.75	-9836.75
23	-9841.67	-9836.75	-9839.84	-9841.67
24	-9841.67	-9836.75	-9839.84	-9841.67
25	-9854.49	-9854.49	-9839.84	-9841.67
26	-9854.49	-9854.49	-9839.84	-9841.67
27	-9854.49	-9854.49	-9839.84	-9841.67
28	-9854.49	-9854.49	-9839.84	-9841.67
29	-9854.49	-9854.49	-9839.84	-9841.67
30	-9854.49	-9854.49	-9839.84	-9841.67
31	-9854.49	-9854.49	-9839.84	-9841.67
32	-9854.49	-9854.49	-9839.84	-9841.67
33	-9860.7	-9860.7	-9851.81	-9843.15
34	-9861.97	-9861.97	-9851.81	-9843.15
35	-9861.97	-9861.97	-9854.07	-9843.15
36	-9861.97	-9861.97	-9854.99	-9843.15
37	-9861.97	-9861.97	-9854.99	-9843.15
38	-9861.97	-9861.97	-9858.11	-9843.15
39	-9862.09	-9861.97	-9862.09	-9843.15
40	-9862.09	-9862.09	-9862.09	-9862.09
41	-9863.94	-9862.7	-9863.94	-9862.09
42	-9863.94	-9862.7	-9863.94	-9862.09
43	-9863.94	-9862.7	-9863.94	-9862.09
44	-9863.94	-9862.7	-9863.94	-9862.09
45	-9863.94	-9862.7	-9863.94	-9862.09
46	-9863.94	-9862.7	-9863.94	-9862.09
47	-9863.94	-9862.7	-9863.94	-9862.09
48	-9863.94	-9862.7	-9863.94	-9862.09
49	-9863.94	-9862.7	-9863.94	-9862.09
50	-9864.04	-9862.7	-9864.04	-9862.09
51	-9864.04	-9862.7	-9864.04	-9862.09
52	-9864.04	-9862.7	-9864.04	-9862.09
53	-9864.35	-9862.7	-9864.35	-9862.09
54	-9864.35	-9862.7	-9864.35	-9862.09
55	-9864.35	-9862.7	-9864.35	-9862.09
56	-9864.35	-9862.7	-9864.35	-9862.09
57	-9864.35	-9862.7	-9864.35	-9862.09
58	-9864.35	-9862.7	-9864.35	-9862.09
59	-9864.35	-9862.7	-9864.35	-9862.09
60	-9864.35	-9864.35	-9864.35	-9864.35
61	-9865.43	-9864.35	-9865.43	-9864.35
62	-9865.43	-9864.35	-9865.43	-9864.35
63	-9865.43	-9864.35	-9865.43	-9864.35
64	-9865.43	-9864.35	-9865.43	-9864.35
65	-9865.43	-9864.35	-9865.43	-9864.35
66	-9865.43	-9864.35	-9865.43	-9864.38
67	-9865.43	-9864.35	-9865.43	-9864.38
68	-9865.43	-9864.35	-9865.43	-9864.38
69	-9865.43	-9864.35	-9865.43	-9864.38
70	-9865.71	-9864.35	-9865.71	-9864.38
71	-9865.71	-9864.35	-9865.71	-9864.38
72	-9865.71	-9864.35	-9865.71	-9864.38
73	-9865.71	-9864.35	-9865.71	-9864.38
74	-9865.71	-9864.35	-9865.71	-9864.38
75	-9865.71	-9864.35	-9865.71	-9864.38
76	-9865.71	-9864.35	-9865.71	-9864.38
77	-9865.71	-9864.35	-9865.71	-9864.38
78	-9865.71	-9864.35	-9865.71	-9864.38
79	-9865.71	-9864.35	-9865.71	-9864.38
80	-9865.71	-9865.71	-9865.71	-9865.71
81	-9865.71	-9865.71	-9865.71	-9865.71
82	-9865.71	-9865.71	-9865.71	-9865.71
83	-9865.71	-9865.71	-9865.71	-9865.71
84	-9865.71	-9865.71	-9865.71	-9865.71
85	-9865.71	-9865.71	-9865.71	-9865.71
86	-9865.71	-9865.71	-9865.71	-9865.71
87	-9865.71	-9865.71	-9865.71	-9865.71
88	-9865.71	-9865.71	-9865.71	-9865.71
89	-9865.71	-9865.71	-9865.71	-9865.71
90	-9865.71	-9865.71	-9865.71	-9865.71
91	-9865.71	-9865.71	-9865.71	-9865.71
92	-9865.71	-9865.71	-9865.71	-9865.71
93	-9865.71	-9865.71	-9865.71	-9865.71
94	-9865.71	-9865.71	-9865.71	-9865.71
95	-9865.71	-9865.71	-9865.71	-9865.71
96	-9865.71	-9865.71	-9865.71	-9865.71
97	-9865.71	-9865.71	-9865.71	-9865.71
98	-9865.71	-9865.71	-9865.71	-9865.71
99	-9865.71	-9865.71	-9865.71	-9865.71
100	-9865.71	-9865.71	-9865.71	-9865.71
1	-9813.49	-9813.49	-9795.31	-9811.39
2	-9826.96	-9826.96	-9824.45	-9811.39
3	-9830.57	-9826.96	-9830.57	-9811.39
4	-9834.04	-9826.96	-9834.04	-9817.1
5	-9834.04	-9828.75	-9834.04	-9818.61
6	-9834.04	-9828.75	-9834.04	-9818.61
7	-9835.81	-9828.75	-9835.81	-9818.61
8	-9835.81	-9828.75	-9835.81	-9819.89
9	-9836.25	-9832.01	-9836.25	-9819.89
10	-9837.95	-9832.01	-9837.95	-9821.55
11	-9840.05	-9832.01	-9840.05	-9825.13
12	-9840.14	-9832.01	-9840.14	-9825.13
13	-9840.14	-9832.01	-9840.14	-9828.21
14	-9842.57	-9834.21	-9842.57	-9828.21
15	-9845.74	-9834.21	-9845.74	-9828.21
16	-9845.74	-9834.21	-9845.74	-9828.21
17	-9846.88	-9834.21	-9846.88	-9828.21
18	-9846.88	-9834.21	-9846.88	-9828.21
19	-9846.88	-9834.21	-9846.88	-9829.1
20	-9863.14	-9863.14	-9863.14	-9863.14
21	-9863.14	-9863.14	-9863.14	-9863.14
22	-9863.14	-9863.14	-9863.14	-9863.14
23	-9863.14	-9863.14	-9863.14	-9863.14
24	-9863.14	-9863.14	-9863.14	-9863.14
25	-9863.58	-9863.58	-9863.14	-9863.14
26	-9863.58	-9863.58	-9863.14	-9863.14
27	-9863.58	-9863.58	-9863.14	-9863.14
28	-9863.58	-9863.58	-9863.14	-9863.14
29	-9863.58	-9863.58	-9863.14	-9863.14
30	-9863.58	-9863.58	-9863.14	-9863.14
31	-9864.34	-9863.58	-9864.34	-9863.14
32	-9864.34	-9863.58	-9864.34	-9863.14
33	-9864.34	-9863.58	-9864.34	-9863.14
34	-9864.34	-9863.58	-9864.34	-9863.14
35	-9864.34	-9863.58	-9864.34	-9863.14
36	-9864.47	-9863.58	-9864.47	-9863.14
37	-9864.47	-9863.58	-9864.47	-9863.14
38	-9864.63	-9863.58	-9864.63	-9863.14
39	-9864.63	-9863.58	-9864.63	-9863.14
40	-9864.63	-9864.63	-9864.63	-9864.63
41	-9864.63	-9864.63	-9864.63	-9864.63
42	-9864.78	-9864.63	-9864.63	-9864.78
43	-9864.78	-9864.63	-9864.63	-9864.78
44	-9864.78	-9864.63	-9864.63	-9864.78
45	-9864.78	-9864.63	-9864.63	-9864.78
46	-9864.78	-9864.63	-9864.63	-9864.78
47	-9864.78	-9864.63	-9864.63	-9864.78
48	-9864.78	-9864.63	-9864.63	-9864.78
49	-9864.85	-9864.63	-9864.63	-9864.85
50	-9864.85	-9864.63	-9864.63	-9864.85
51	-9864.85	-9864.63	-9864.85	-9864.85
52	-9864.85	-9864.63	-9864.85	-9864.85
53	-9864.85	-9864.63	-9864.85	-9864.85
54	-9864.85	-9864.63	-9864.85	-9864.85
55	-9864.85	-9864.63	-9864.85	-9864.85
56	-9864.85	-9864.63	-9864.85	-9864.85
57	-9864.99	-9864.63	-9864.99	-9864.85
58	-9864.99	-9864.63	-9864.99	-9864.85
59	-9864.99	-9864.63	-9864.99	-9864.85
60	-9864.99	-9864.99	-9864.99	-9864.99
61	-9864.99	-9864.99	-9864.99	-9864.99
62	-9864.99	-9864.99	-9864.99	-9864.99
63	-9865.15	-9864.99	-9865.15	-9864.99
64	-9865.15	-9864.99	-9865.15	-9864.99
65	-9865.15	-9864.99	-9865.15	-9864.99
66	-9865.15	-9864.99	-9865.15	-9864.99
67	-9865.15	-9864.99	-9865.15	-9864.99
68	-9865.15	-9864.99	-9865.15	-9864.99
69	-9865.29	-9864.99	-9865.29	-9864.99
70	-9865.29	-9864.99	-9865.29	-9864.99
71	-9865.29	-9864.99	-9865.29	-9864.99
72	-9865.29	-9864.99	-9865.29	-9864.99
73	-9865.43	-9864.99	-9865.43	-9864.99
74	-9865.43	-9864.99	-9865.43	-9864.99
75	-9865.43	-9864.99	-9865.43	-9864.99
76	-9865.43	-9864.99	-9865.43	-9864.99
77	-9865.43	-9864.99	-9865.43	-9864.99
78	-9865.43	-9864.99	-9865.43	-9864.99
79	-9865.43	-9864.99	-9865.43	-9864.99
80	-9865.43	-9865.43	-9865.43	-9865.43
81	-9865.43	-9865.43	-9865.43	-9865.43
82	-9865.43	-9865.43	-9865.43	-9865.43
83	-9865.43	-9865.43	-9865.43	-9865.43
84	-9865.43	-9865.43	-9865.43	-9865.43
85	-9865.43	-9865.43	-9865.43	-9865.43
86	-9865.43	-9865.43	-9865.43	-9865.43
87	-9865.43	-9865.43	-9865.43	-9865.43
88	-9865.43	-9865.43	-9865.43	-9865.43
89	-9865.43	-9865.43	-9865.43	-9865.43
90	-9865.43	-9865.43	-9865.43	-9865.43
91	-9865.43	-9865.43	-9865.43	-9865.43
92	-9865.43	-9865.43	-9865.43	-9865.43
93	-9865.43	-9865.43	-9865.43	-9865.43
94	-9865.43	-9865.43	-9865.43	-9865.43
95	-9865.43	-9865.43	-9865.43	-9865.43
96	-9865.43	-9865.43	-9865.43	-9865.43
97	-9865.43	-9865.43	-9865.43	-9865.43
98	-9865.43	-9865.43	-9865.43	-9865.43
99	-9865.43	-9865.43	-9865.43	-9865.43
100	-9865.43	-9865.43	-9865.43	-9865.43
1	-9822.22	-9809.21	-9822.22	-9808.51
2	-9828.2	-9815.9	-9828.2	-9817.5
3	-9828.2	-9815.9	-9828.2	-9820.13
4	-9828.2	-9815.9	-9828.2	-9826.28
5	-9828.2	-9816.65	-9828.2	-9826.28
6	-9829	-9817.35	-9829	-9827.92
7	-9830.09	-9830.09	-9829.56	-9827.92
8	-9830.09	-9830.09	-9829.56	-9827.92
9	-9830.99	-9830.09	-9830.99	-9827.92
10	-9830.99	-9830.09	-9830.99	-9827.92
11	-9834.95	-9830.49	-9834.95	-9827.92
12	-9836.8	-9830.49	-9836.8	-9827.92
13	-9836.8	-9830.49	-9836.8	-9827.92
14	-9836.8	-9832.07	-9836.8	-9827.92
15	-9836.8	-9833.6	-9836.8	-9827.92
16	-9836.8	-9833.6	-9836.8	-9827.92
17	-9836.8	-9833.6	-9836.8	-9827.92
18	-9845.71	-9845.71	-9837.07	-9827.92
19	-9847.19	-9847.19	-9837.07	-9827.92
20	-9847.19	-9847.19	-9847.19	-9847.19
21	-9850.13	-9849.37	-9850.13	-9847.19
22	-9860.46	-9849.37	-9860.46	-9847.19
23	-9860.46	-9849.37	-9860.46	-9851.42
24	-9860.46	-9849.37	-9860.46	-9856.53
25	-9860.46	-9849.37	-9860.46	-9856.53
26	-9860.46	-9849.37	-9860.46	-9856.53
27	-9861.26	-9849.37	-9861.26	-9856.53
28	-9862.91	-9855.88	-9862.91	-9859.47
29	-9862.91	-9855.88	-9862.91	-9859.47
30	-9863.37	-9855.88	-9863.37	-9859.47
31	-9863.37	-9861.15	-9863.37	-9859.47
32	-9864.27	-9861.15	-9864.27	-9859.47
33	-9864.27	-9861.15	-9864.27	-9859.47
34	-9864.27	-9864.01	-9864.27	-9859.47
35	-9864.27	-9864.01	-9864.27	-9859.47
36	-9864.27	-9864.01	-9864.27	-9859.47
37	-9864.27	-9864.01	-9864.27	-9859.47
38	-9864.27	-9864.01	-9864.27	-9859.47
39	-9864.27	-9864.01	-9864.27	-9859.47
40	-9864.27	-9864.27	-9864.27	-9864.27
41	-9864.27	-9864.27	-9864.27	-9864.27
42	-9864.27	-9864.27	-9864.27	-9864.27
43	-9864.27	-9864.27	-9864.27	-9864.27
44	-9864.27	-9864.27	-9864.27	-9864.27
45	-9864.41	-9864.27	-9864.27	-9864.41
46	-9864.41	-9864.27	-9864.27	-9864.41
47	-9864.41	-9864.27	-9864.27	-9864.41
48	-9864.41	-9864.27	-9864.27	-9864.41
49	-9864.41	-9864.27	-9864.27	-9864.41
50	-9864.41	-9864.27	-9864.27	-9864.41
51	-9864.41	-9864.27	-9864.27	-9864.41
52	-9865.43	-9864.27	-9865.43	-9864.41
53	-9865.43	-9864.27	-9865.43	-9864.41
54	-9865.43	-9864.27	-9865.43	-9864.41
55	-9865.43	-9864.29	-9865.43	-9864.41
56	-9865.43	-9864.29	-9865.43	-9864.41
57	-9865.43	-9864.29	-9865.43	-9864.41
58	-9865.43	-9864.29	-9865.43	-9864.41
59	-9865.43	-9864.29	-9865.43	-9864.41
60	-9865.43	-9865.43	-9865.43	-9865.43
61	-9865.43	-9865.43	-9865.43	-9865.43
62	-9865.43	-9865.43	-9865.43	-9865.43
63	-9865.43	-9865.43	-9865.43	-9865.43
64	-9865.43	-9865.43	-9865.43	-9865.43
65	-9865.43	-9865.43	-9865.43	-9865.43
66	-9865.43	-9865.43	-9865.43	-9865.43
67	-9865.43	-9865.43	-9865.43	-9865.43
68	-9865.43	-9865.43	-9865.43	-9865.43
69	-9865.43	-9865.43	-9865.43	-9865.43
70	-9865.43	-9865.43	-9865.43	-9865.43
71	-9865.43	-9865.43	-9865.43	-9865.43
72	-9865.43	-9865.43	-9865.43	-9865.43
73	-9865.43	-9865.43	-9865.43	-9865.43
74	-9865.43	-9865.43	-9865.43	-9865.43
75	-9865.43	-9865.43	-9865.43	-9865.43
76	-9865.43	-9865.43	-9865.43	-9865.43
77	-9865.43	-9865.43	-9865.43	-9865.43
78	-9865.43	-9865.43	-9865.43	-9865.43
79	-9865.43	-9865.43	-9865.43	-9865.43
80	-9865.43	-9865.43	-9865.43	-9865.43
81	-9865.43	-9865.43	-9865.43	-9865.43
82	-9865.43	-9865.43	-9865.43	-9865.43
83	-9865.71	-9865.43	-9865.71	-9865.43
84	-9865.71	-9865.43	-9865.71	-9865.43
85	-9865.71	-9865.43	-9865.71	-9865.43
86	-9865.71	-9865.43	-9865.71	-9865.43
87	-9865.71	-9865.43	-9865.71	-9865.43
88	-9865.71	-9865.43	-9865.71	-9865.43
89	-9865.71	-9865.43	-9865.71	-9865.43
90	-9865.71	-9865.43	-9865.71	-9865.43
91	-9865.71	-9865.43	-9865.71	-9865.43
92	-9865.71	-9865.43	-9865.71	-9865.43
93	-9865.71	-9865.43	-9865.71	-9865.43
94	-9865.71	-9865.43	-9865.71	-9865.43
95	-9865.71	-9865.43	-9865.71	-9865.43
96	-9865.71	-9865.43	-9865.71	-9865.43
97	-9865.71	-9865.43	-9865.71	-9865.43
98	-9865.71	-9865.43	-9865.71	-9865.43
99	-9865.71	-9865.43	-9865.71	-9865.43
100	-9865.71	-9865.71	-9865.71	-9865.71
