1	-9039.39	-9004.61	-9010.18	-9039.39
2	-9039.39	-9024.88	-9012.49	-9039.39
3	-9041.55	-9024.88	-9024.61	-9041.55
4	-9041.55	-9024.88	-9026.38	-9041.55
5	-9041.55	-9024.88	-9026.38	-9041.55
6	-9041.55	-9024.88	-9026.38	-9041.55
7	-9051.3	-9051.3	-9026.38	-9041.55
8	-9051.3	-9051.3	-9026.38	-9041.55
9	-9051.3	-9051.3	-9026.38	-9041.55
10	-9051.3	-9051.3	-9026.38	-9041.55
11	-9051.3	-9051.3	-9026.38	-9041.55
12	-9051.3	-9051.3	-9026.38	-9048.83
13	-9060.57	-9051.3	-9026.38	-9060.57
14	-9060.57	-9051.3	-9030.28	-9060.57
15	-9060.57	-9051.3	-9031.69	-9060.57
16	-9060.57	-9051.3	-9031.69	-9060.57
17	-9060.57	-9051.3	-9031.69	-9060.57
18	-9060.57	-9051.3	-9031.69	-9060.57
19	-9060.57	-9051.3	-9031.69	-9060.57
20	-9060.57	-9060.57	-9060.57	-9060.57
21	-9060.57	-9060.57	-9060.57	-9060.57
22	-9060.57	-9060.57	-9060.57	-9060.57
23	-9060.57	-9060.57	-9060.57	-9060.57
24	-9060.57	-9060.57	-9060.57	-9060.57
25	-9060.57	-9060.57	-9060.57	-9060.57
26	-9060.57	-9060.57	-9060.57	-9060.57
27	-9060.57	-9060.57	-9060.57	-9060.57
28	-9060.57	-9060.57	-9060.57	-9060.57
29	-9060.57	-9060.57	-9060.57	-9060.57
30	-9060.57	-9060.57	-9060.57	-9060.57
31	-9060.57	-9060.57	-9060.57	-9060.57
32	-9060.57	-9060.57	-9060.57	-9060.57
33	-9060.57	-9060.57	-9060.57	-9060.57
34	-9060.57	-9060.57	-9060.57	-9060.57
35	-9060.57	-9060.57	-9060.57	-9060.57
36	-9060.57	-9060.57	-9060.57	-9060.57
37	-9060.57	-9060.57	-9060.57	-9060.57
38	-9060.57	-9060.57	-9060.57	-9060.57
39	-9060.57	-9060.57	-9060.57	-9060.57
40	-9060.57	-9060.57	-9060.57	-9060.57
41	-9060.57	-9060.57	-9060.57	-9060.57
42	-9060.57	-9060.57	-9060.57	-9060.57
43	-9060.57	-9060.57	-9060.57	-9060.57
44	-9060.57	-9060.57	-9060.57	-9060.57
45	-9060.57	-9060.57	-9060.57	-9060.57
46	-9060.57	-9060.57	-9060.57	-9060.57
47	-9060.57	-9060.57	-9060.57	-9060.57
48	-9060.57	-9060.57	-9060.57	-9060.57
49	-9060.57	-9060.57	-9060.57	-9060.57
50	-9060.57	-9060.57	-9060.57	-9060.57
51	-9060.57	-9060.57	-9060.57	-9060.57
52	-9060.57	-9060.57	-9060.57	-9060.57
53	-9060.57	-9060.57	-9060.57	-9060.57
54	-9060.57	-9060.57	-9060.57	-9060.57
55	-9060.57	-9060.57	-9060.57	-9060.57
56	-9060.57	-9060.57	-9060.57	-9060.57
57	-9060.57	-9060.57	-9060.57	-9060.57
58	-9060.57	-9060.57	-9060.57	-9060.57
59	-9060.57	-9060.57	-9060.57	-9060.57
60	-9060.57	-9060.57	-9060.57	-9060.57
61	-9060.57	-9060.57	-9060.57	-9060.57
62	-9060.57	-9060.57	-9060.57	-9060.57
63	-9060.57	-9060.57	-9060.57	-9060.57
64	-9060.57	-9060.57	-9060.57	-9060.57
65	-9060.57	-9060.57	-9060.57	-9060.57
66	-9060.57	-9060.57	-9060.57	-9060.57
67	-9060.57	-9060.57	-9060.57	-9060.57
68	-9060.57	-9060.57	-9060.57	-9060.57
69	-9060.57	-9060.57	-9060.57	-9060.57
70	-9060.57	-9060.57	-9060.57	-9060.57
71	-9060.57	-9060.57	-9060.57	-9060.57
72	-9060.57	-9060.57	-9060.57	-9060.57
73	-9060.57	-9060.57	-9060.57	-9060.57
74	-9060.57	-9060.57	-9060.57	-9060.57
75	-9060.57	-9060.57	-9060.57	-9060.57
76	-9060.57	-9060.57	-9060.57	-9060.57
77	-9060.57	-9060.57	-9060.57	-9060.57
78	-9060.57	-9060.57	-9060.57	-9060.57
79	-9060.57	-9060.57	-9060.57	-9060.57
80	-9060.57	-9060.57	-9060.57	-9060.57
81	-9060.57	-9060.57	-9060.57	-9060.57
82	-9060.57	-9060.57	-9060.57	-9060.57
83	-9060.57	-9060.57	-9060.57	-9060.57
84	-9060.57	-9060.57	-9060.57	-9060.57
85	-9060.57	-9060.57	-9060.57	-9060.57
86	-9060.57	-9060.57	-9060.57	-9060.57
87	-9060.57	-9060.57	-9060.57	-9060.57
88	-9060.57	-9060.57	-9060.57	-9060.57
89	-9060.57	-9060.57	-9060.57	-9060.57
90	-9060.57	-9060.57	-9060.57	-9060.57
91	-9060.57	-9060.57	-9060.57	-9060.57
92	-9060.57	-9060.57	-9060.57	-9060.57
93	-9060.57	-9060.57	-9060.57	-9060.57
94	-9060.57	-9060.57	-9060.57	-9060.57
95	-9060.57	-9060.57	-9060.57	-9060.57
96	-9060.57	-9060.57	-9060.57	-9060.57
97	-9060.57	-9060.57	-9060.57	-9060.57
98	-9060.57	-9060.57	-9060.57	-9060.57
99	-9060.57	-9060.57	-9060.57	-9060.57
100	-9060.57	-9060.57	-9060.57	-9060.57
1	-9016.71	-9008.16	-9016.71	-9006.99
2	-9016.71	-9013.05	-9016.71	-9013.11
3	-9020.13	-9013.05	-9020.13	-9015.76
4	-9022.59	-9016.28	-9022.59	-9015.76
5	-9041.2	-9016.28	-9041.2	-9025.2
6	-9041.2	-9025.98	-9041.2	-9025.2
7	-9048.97	-9025.98	-9048.97	-9025.2
8	-9053.87	-9053.87	-9048.97	-9027.28
9	-9053.87	-9053.87	-9048.97	-9027.28
10	-9053.87	-9053.87	-9048.97	-9027.42
11	-9053.87	-9053.87	-9050.35	-9027.42
12	-9053.87	-9053.87	-9051.31	-9035.72
13	-9053.87	-9053.87	-9051.31	-9040.79
14	-9053.87	-9053.87	-9051.31	-9043.43
15	-9058.94	-9058.94	-9051.31	-9043.85
16	-9058.94	-9058.94	-9051.31	-9043.85
17	-9060.57	-9058.94	-9060.57	-9043.85
18	-9060.57	-9058.94	-9060.57	-9043.85
19	-9060.57	-9058.94	-9060.57	-9050.35
20	-9060.57	-9060.57	-9060.57	-9060.57
21	-9060.57	-9060.57	-9060.57	-9060.57
22	-9060.57	-9060.57	-9060.57	-9060.57
23	-9060.57	-9060.57	-9060.57	-9060.57
24	-9060.57	-9060.57	-9060.57	-9060.57
25	-9060.57	-9060.57	-9060.57	-9060.57
26	-9060.57	-9060.57	-9060.57	-9060.57
27	-9060.57	-9060.57	-9060.57	-9060.57
28	-9060.57	-9060.57	-9060.57	-9060.57
29	-9060.57	-9060.57	-9060.57	-9060.57
30	-9060.57	-9060.57	-9060.57	-9060.57
31	-9060.57	-9060.57	-9060.57	-9060.57
32	-9060.57	-9060.57	-9060.57	-9060.57
33	-9060.57	-9060.57	-9060.57	-9060.57
34	-9060.57	-9060.57	-9060.57	-9060.57
35	-9060.57	-9060.57	-9060.57	-9060.57
36	-9060.57	-9060.57	-9060.57	-9060.57
37	-9060.57	-9060.57	-9060.57	-9060.57
38	-9060.57	-9060.57	-9060.57	-9060.57
39	-9060.57	-9060.57	-9060.57	-9060.57
40	-9060.57	-9060.57	-9060.57	-9060.57
41	-9060.57	-9060.57	-9060.57	-9060.57
42	-9060.57	-9060.57	-9060.57	-9060.57
43	-9060.57	-9060.57	-9060.57	-9060.57
44	-9060.57	-9060.57	-9060.57	-9060.57
45	-9060.57	-9060.57	-9060.57	-9060.57
46	-9060.57	-9060.57	-9060.57	-9060.57
47	-9060.57	-9060.57	-9060.57	-9060.57
48	-9060.57	-9060.57	-9060.57	-9060.57
49	-9060.57	-9060.57	-9060.57	-9060.57
50	-9060.57	-9060.57	-9060.57	-9060.57
51	-9060.57	-9060.57	-9060.57	-9060.57
52	-9060.57	-9060.57	-9060.57	-9060.57
53	-9060.57	-9060.57	-9060.57	-9060.57
54	-9060.57	-9060.57	-9060.57	-9060.57
55	-9060.57	-9060.57	-9060.57	-9060.57
56	-9060.57	-9060.57	-9060.57	-9060.57
57	-9060.57	-9060.57	-9060.57	-9060.57
58	-9060.57	-9060.57	-9060.57	-9060.57
59	-9060.57	-9060.57	-9060.57	-9060.57
60	-9060.57	-9060.57	-9060.57	-9060.57
61	-9060.57	-9060.57	-9060.57	-9060.57
62	-9060.57	-9060.57	-9060.57	-9060.57
63	-9060.57	-9060.57	-9060.57	-9060.57
64	-9060.57	-9060.57	-9060.57	-9060.57
65	-9060.57	-9060.57	-9060.57	-9060.57
66	-9060.57	-9060.57	-9060.57	-9060.57
67	-9060.57	-9060.57	-9060.57	-9060.57
68	-9060.57	-9060.57	-9060.57	-9060.57
69	-9060.57	-9060.57	-9060.57	-9060.57
70	-9060.57	-9060.57	-9060.57	-9060.57
71	-9060.57	-9060.57	-9060.57	-9060.57
72	-9060.57	-9060.57	-9060.57	-9060.57
73	-9060.57	-9060.57	-9060.57	-9060.57
74	-9060.57	-9060.57	-9060.57	-9060.57
75	-9060.57	-9060.57	-9060.57	-9060.57
76	-9060.57	-9060.57	-9060.57	-9060.57
77	-9060.57	-9060.57	-9060.57	-9060.57
78	-9060.57	-9060.57	-9060.57	-9060.57
79	-9060.57	-9060.57	-9060.57	-9060.57
80	-9060.57	-9060.57	-9060.57	-9060.57
81	-9060.57	-9060.57	-9060.57	-9060.57
82	-9060.57	-9060.57	-9060.57	-9060.57
83	-9060.57	-9060.57	-9060.57	-9060.57
84	-9060.57	-9060.57	-9060.57	-9060.57
85	-9060.57	-9060.57	-9060.57	-9060.57
86	-9060.57	-9060.57	-9060.57	-9060.57
87	-9060.57	-9060.57	-9060.57	-9060.57
88	-9060.57	-9060.57	-9060.57	-9060.57
89	-9060.57	-9060.57	-9060.57	-9060.57
90	-9060.57	-9060.57	-9060.57	-9060.57
91	-9060.57	-9060.57	-9060.57	-9060.57
92	-9060.57	-9060.57	-9060.57	-9060.57
93	-9060.57	-9060.57	-9060.57	-9060.57
94	-9060.57	-9060.57	-9060.57	-9060.57
95	-9060.57	-9060.57	-9060.57	-9060.57
96	-9060.57	-9060.57	-9060.57	-9060.57
97	-9060.57	-9060.57	-9060.57	-9060.57
98	-9060.57	-9060.57	-9060.57	-9060.57
99	-9060.57	-9060.57	-9060.57	-9060.57
100	-9060.57	-9060.57	-9060.57	-9060.57
1	-9015.44	-9002.61	-9015.44	-8998.94
2	-9022.13	-9022.13	-9017.73	-9016.03
3	-9027.08	-9027.08	-9018.65	-9016.03
4	-9028.73	-9028.73	-9018.65	-9022.45
5	-9041.15	-9028.73	-9024.11	-9041.15
6	-9041.15	-9028.73	-9026.92	-9041.15
7	-9041.15	-9028.73	-9026.92	-9041.15
8	-9042.09	-9028.73	-9030.33	-9042.09
9	-9048.77	-9028.73	-9030.33	-9048.77
10	-9048.77	-9028.92	-9030.33	-9048.77
11	-9058.94	-9041.64	-9030.33	-9058.94
12	-9058.94	-9041.64	-9041.3	-9058.94
13	-9058.94	-9041.64	-9041.3	-9058.94
14	-9058.94	-9051.3	-9041.3	-9058.94
15	-9058.94	-9053.87	-9051.31	-9058.94
16	-9058.94	-9053.87	-9051.31	-9058.94
17	-9058.94	-9053.87	-9051.31	-9058.94
18	-9058.94	-9053.87	-9051.31	-9058.94
19	-9058.94	-9053.87	-9057.43	-9058.94
20	-9058.94	-9058.94	-9058.94	-9058.94
21	-9058.94	-9058.94	-9058.94	-9058.94
22	-9058.94	-9058.94	-9058.94	-9058.94
23	-9058.94	-9058.94	-9058.94	-9058.94
24	-9058.94	-9058.94	-9058.94	-9058.94
25	-9058.94	-9058.94	-9058.94	-9058.94
26	-9058.94	-9058.94	-9058.94	-9058.94
27	-9058.94	-9058.94	-9058.94	-9058.94
28	-9060.57	-9058.94	-9060.57	-9058.94
29	-9060.57	-9058.94	-9060.57	-9058.94
30	-9060.57	-9058.94	-9060.57	-9058.94
31	-9060.57	-9058.94	-9060.57	-9058.94
32	-9060.57	-9058.94	-9060.57	-9058.94
33	-9060.57	-9058.94	-9060.57	-9058.94
34	-9060.57	-9058.94	-9060.57	-9058.94
35	-9060.57	-9058.94	-9060.57	-9058.94
36	-9060.57	-9058.94	-9060.57	-9058.94
37	-9060.57	-9058.94	-9060.57	-9058.94
38	-9060.57	-9058.94	-9060.57	-9058.94
39	-9060.57	-9058.94	-9060.57	-9058.94
40	-9060.57	-9060.57	-9060.57	-9060.57
41	-9060.57	-9060.57	-9060.57	-9060.57
42	-9060.57	-9060.57	-9060.57	-9060.57
43	-9060.57	-9060.57	-9060.57	-9060.57
44	-9060.57	-9060.57	-9060.57	-9060.57
45	-9060.57	-9060.57	-9060.57	-9060.57
46	-9060.57	-9060.57	-9060.57	-9060.57
47	-9060.57	-9060.57	-9060.57	-9060.57
48	-9060.57	-9060.57	-9060.57	-9060.57
49	-9060.57	-9060.57	-9060.57	-9060.57
50	-9060.57	-9060.57	-9060.57	-9060.57
51	-9060.57	-9060.57	-9060.57	-9060.57
52	-9060.57	-9060.57	-9060.57	-9060.57
53	-9060.57	-9060.57	-9060.57	-9060.57
54	-9060.57	-9060.57	-9060.57	-9060.57
55	-9060.57	-9060.57	-9060.57	-9060.57
56	-9060.57	-9060.57	-9060.57	-9060.57
57	-9060.57	-9060.57	-9060.57	-9060.57
58	-9060.57	-9060.57	-9060.57	-9060.57
59	-9060.57	-9060.57	-9060.57	-9060.57
60	-9060.57	-9060.57	-9060.57	-9060.57
61	-9060.57	-9060.57	-9060.57	-9060.57
62	-9060.57	-9060.57	-9060.57	-9060.57
63	-9060.57	-9060.57	-9060.57	-9060.57
64	-9060.57	-9060.57	-9060.57	-9060.57
65	-9060.57	-9060.57	-9060.57	-9060.57
66	-9060.57	-9060.57	-9060.57	-9060.57
67	-9060.57	-9060.57	-9060.57	-9060.57
68	-9060.57	-9060.57	-9060.57	-9060.57
69	-9060.57	-9060.57	-9060.57	-9060.57
70	-9060.57	-9060.57	-9060.57	-9060.57
71	-9060.57	-9060.57	-9060.57	-9060.57
72	-9060.57	-9060.57	-9060.57	-9060.57
73	-9060.57	-9060.57	-9060.57	-9060.57
74	-9060.57	-9060.57	-9060.57	-9060.57
75	-9060.57	-9060.57	-9060.57	-9060.57
76	-9060.57	-9060.57	-9060.57	-9060.57
77	-9060.57	-9060.57	-9060.57	-9060.57
78	-9060.57	-9060.57	-9060.57	-9060.57
79	-9060.57	-9060.57	-9060.57	-9060.57
80	-9060.57	-9060.57	-9060.57	-9060.57
81	-9060.57	-9060.57	-9060.57	-9060.57
82	-9060.57	-9060.57	-9060.57	-9060.57
83	-9060.57	-9060.57	-9060.57	-9060.57
84	-9060.57	-9060.57	-9060.57	-9060.57
85	-9060.57	-9060.57	-9060.57	-9060.57
86	-9060.57	-9060.57	-9060.57	-9060.57
87	-9060.57	-9060.57	-9060.57	-9060.57
88	-9060.57	-9060.57	-9060.57	-9060.57
89	-9060.57	-9060.57	-9060.57	-9060.57
90	-9060.57	-9060.57	-9060.57	-9060.57
91	-9060.57	-9060.57	-9060.57	-9060.57
92	-9060.57	-9060.57	-9060.57	-9060.57
93	-9060.57	-9060.57	-9060.57	-9060.57
94	-9060.57	-9060.57	-9060.57	-9060.57
95	-9060.57	-9060.57	-9060.57	-9060.57
96	-9060.57	-9060.57	-9060.57	-9060.57
97	-9060.57	-9060.57	-9060.57	-9060.57
98	-9060.57	-9060.57	-9060.57	-9060.57
99	-9060.57	-9060.57	-9060.57	-9060.57
100	-9060.57	-9060.57	-9060.57	-9060.57
