1	-3102.51	-3100.97	-3102.51	-3100.71
2	-3102.53	-3102.51	-3102.51	-3102.53
3	-3102.53	-3102.51	-3102.53	-3102.53
4	-3102.53	-3102.51	-3102.53	-3102.53
5	-3102.53	-3102.51	-3102.53	-3102.53
6	-3102.53	-3102.51	-3102.53	-3102.53
7	-3102.53	-3102.51	-3102.53	-3102.53
8	-3102.53	-3102.51	-3102.53	-3102.53
9	-3102.53	-3102.51	-3102.53	-3102.53
10	-3102.53	-3102.53	-3102.53	-3102.53
11	-3102.53	-3102.53	-3102.53	-3102.53
12	-3102.53	-3102.53	-3102.53	-3102.53
13	-3102.53	-3102.53	-3102.53	-3102.53
14	-3102.53	-3102.53	-3102.53	-3102.53
15	-3102.53	-3102.53	-3102.53	-3102.53
16	-3102.53	-3102.53	-3102.53	-3102.53
17	-3102.53	-3102.53	-3102.53	-3102.53
18	-3102.53	-3102.53	-3102.53	-3102.53
19	-3102.53	-3102.53	-3102.53	-3102.53
20	-3102.53	-3102.53	-3102.53	-3102.53
21	-3102.53	-3102.53	-3102.53	-3102.53
22	-3102.53	-3102.53	-3102.53	-3102.53
23	-3102.53	-3102.53	-3102.53	-3102.53
24	-3102.53	-3102.53	-3102.53	-3102.53
25	-3102.53	-3102.53	-3102.53	-3102.53
26	-3102.53	-3102.53	-3102.53	-3102.53
27	-3102.53	-3102.53	-3102.53	-3102.53
28	-3102.53	-3102.53	-3102.53	-3102.53
29	-3102.53	-3102.53	-3102.53	-3102.53
30	-3102.53	-3102.53	-3102.53	-3102.53
31	-3102.53	-3102.53	-3102.53	-3102.53
32	-3102.53	-3102.53	-3102.53	-3102.53
33	-3102.53	-3102.53	-3102.53	-3102.53
34	-3102.53	-3102.53	-3102.53	-3102.53
35	-3102.53	-3102.53	-3102.53	-3102.53
36	-3102.53	-3102.53	-3102.53	-3102.53
37	-3102.53	-3102.53	-3102.53	-3102.53
38	-3102.53	-3102.53	-3102.53	-3102.53
39	-3102.53	-3102.53	-3102.53	-3102.53
40	-3102.53	-3102.53	-3102.53	-3102.53
41	-3102.53	-3102.53	-3102.53	-3102.53
42	-3102.53	-3102.53	-3102.53	-3102.53
43	-3102.53	-3102.53	-3102.53	-3102.53
44	-3102.53	-3102.53	-3102.53	-3102.53
45	-3102.53	-3102.53	-3102.53	-3102.53
46	-3102.53	-3102.53	-3102.53	-3102.53
47	-3102.53	-3102.53	-3102.53	-3102.53
48	-3102.53	-3102.53	-3102.53	-3102.53
49	-3102.53	-3102.53	-3102.53	-3102.53
50	-3102.53	-3102.53	-3102.53	-3102.53
51	-3102.53	-3102.53	-3102.53	-3102.53
52	-3102.53	-3102.53	-3102.53	-3102.53
53	-3102.53	-3102.53	-3102.53	-3102.53
54	-3102.53	-3102.53	-3102.53	-3102.53
55	-3102.53	-3102.53	-3102.53	-3102.53
56	-3102.53	-3102.53	-3102.53	-3102.53
57	-3102.53	-3102.53	-3102.53	-3102.53
58	-3102.53	-3102.53	-3102.53	-3102.53
59	-3102.53	-3102.53	-3102.53	-3102.53
60	-3102.53	-3102.53	-3102.53	-3102.53
61	-3102.53	-3102.53	-3102.53	-3102.53
62	-3102.53	-3102.53	-3102.53	-3102.53
63	-3102.53	-3102.53	-3102.53	-3102.53
64	-3102.53	-3102.53	-3102.53	-3102.53
65	-3102.53	-3102.53	-3102.53	-3102.53
66	-3102.53	-3102.53	-3102.53	-3102.53
67	-3102.53	-3102.53	-3102.53	-3102.53
68	-3102.53	-3102.53	-3102.53	-3102.53
69	-3102.53	-3102.53	-3102.53	-3102.53
70	-3102.53	-3102.53	-3102.53	-3102.53
71	-3102.53	-3102.53	-3102.53	-3102.53
72	-3102.53	-3102.53	-3102.53	-3102.53
73	-3102.53	-3102.53	-3102.53	-3102.53
74	-3102.53	-3102.53	-3102.53	-3102.53
75	-3102.53	-3102.53	-3102.53	-3102.53
76	-3102.53	-3102.53	-3102.53	-3102.53
77	-3102.53	-3102.53	-3102.53	-3102.53
78	-3102.53	-3102.53	-3102.53	-3102.53
79	-3102.53	-3102.53	-3102.53	-3102.53
80	-3102.53	-3102.53	-3102.53	-3102.53
81	-3102.53	-3102.53	-3102.53	-3102.53
82	-3102.53	-3102.53	-3102.53	-3102.53
83	-3102.53	-3102.53	-3102.53	-3102.53
84	-3102.53	-3102.53	-3102.53	-3102.53
85	-3102.53	-3102.53	-3102.53	-3102.53
86	-3102.53	-3102.53	-3102.53	-3102.53
87	-3102.53	-3102.53	-3102.53	-3102.53
88	-3102.53	-3102.53	-3102.53	-3102.53
89	-3102.53	-3102.53	-3102.53	-3102.53
90	-3102.53	-3102.53	-3102.53	-3102.53
91	-3102.53	-3102.53	-3102.53	-3102.53
92	-3102.53	-3102.53	-3102.53	-3102.53
93	-3102.53	-3102.53	-3102.53	-3102.53
94	-3102.53	-3102.53	-3102.53	-3102.53
95	-3102.53	-3102.53	-3102.53	-3102.53
96	-3102.53	-3102.53	-3102.53	-3102.53
97	-3102.53	-3102.53	-3102.53	-3102.53
98	-3102.53	-3102.53	-3102.53	-3102.53
99	-3102.53	-3102.53	-3102.53	-3102.53
100	-3102.53	-3102.53	-3102.53	-3102.53
1	-3102.51	-3102.51	-3100.71	-3100.71
2	-3102.51	-3102.51	-3100.71	-3100.71
3	-3102.53	-3102.53	-3102.53	-3101.63
4	-3102.53	-3102.53	-3102.53	-3101.63
5	-3102.53	-3102.53	-3102.53	-3101.63
6	-3102.53	-3102.53	-3102.53	-3101.63
7	-3102.53	-3102.53	-3102.53	-3102.53
8	-3102.53	-3102.53	-3102.53	-3102.53
9	-3102.53	-3102.53	-3102.53	-3102.53
10	-3102.53	-3102.53	-3102.53	-3102.53
11	-3102.53	-3102.53	-3102.53	-3102.53
12	-3102.53	-3102.53	-3102.53	-3102.53
13	-3102.53	-3102.53	-3102.53	-3102.53
14	-3102.53	-3102.53	-3102.53	-3102.53
15	-3102.53	-3102.53	-3102.53	-3102.53
16	-3102.53	-3102.53	-3102.53	-3102.53
17	-3102.53	-3102.53	-3102.53	-3102.53
18	-3102.53	-3102.53	-3102.53	-3102.53
19	-3102.53	-3102.53	-3102.53	-3102.53
20	-3102.53	-3102.53	-3102.53	-3102.53
21	-3102.53	-3102.53	-3102.53	-3102.53
22	-3102.53	-3102.53	-3102.53	-3102.53
23	-3102.53	-3102.53	-3102.53	-3102.53
24	-3102.53	-3102.53	-3102.53	-3102.53
25	-3102.53	-3102.53	-3102.53	-3102.53
26	-3102.53	-3102.53	-3102.53	-3102.53
27	-3102.53	-3102.53	-3102.53	-3102.53
28	-3102.53	-3102.53	-3102.53	-3102.53
29	-3102.53	-3102.53	-3102.53	-3102.53
30	-3102.53	-3102.53	-3102.53	-3102.53
31	-3102.53	-3102.53	-3102.53	-3102.53
32	-3102.53	-3102.53	-3102.53	-3102.53
33	-3102.53	-3102.53	-3102.53	-3102.53
34	-3102.53	-3102.53	-3102.53	-3102.53
35	-3102.53	-3102.53	-3102.53	-3102.53
36	-3102.53	-3102.53	-3102.53	-3102.53
37	-3102.53	-3102.53	-3102.53	-3102.53
38	-3102.53	-3102.53	-3102.53	-3102.53
39	-3102.53	-3102.53	-3102.53	-3102.53
40	-3102.53	-3102.53	-3102.53	-3102.53
41	-3102.53	-3102.53	-3102.53	-3102.53
42	-3102.53	-3102.53	-3102.53	-3102.53
43	-3102.53	-3102.53	-3102.53	-3102.53
44	-3102.53	-3102.53	-3102.53	-3102.53
45	-3102.53	-3102.53	-3102.53	-3102.53
46	-3102.53	-3102.53	-3102.53	-3102.53
47	-3102.53	-3102.53	-3102.53	-3102.53
48	-3102.53	-3102.53	-3102.53	-3102.53
49	-3102.53	-3102.53	-3102.53	-3102.53
50	-3102.53	-3102.53	-3102.53	-3102.53
51	-3102.53	-3102.53	-3102.53	-3102.53
52	-3102.53	-3102.53	-3102.53	-3102.53
53	-3102.53	-3102.53	-3102.53	-3102.53
54	-3102.53	-3102.53	-3102.53	-3102.53
55	-3102.53	-3102.53	-3102.53	-3102.53
56	-3102.53	-3102.53	-3102.53	-3102.53
57	-3102.53	-3102.53	-3102.53	-3102.53
58	-3102.53	-3102.53	-3102.53	-3102.53
59	-3102.53	-3102.53	-3102.53	-3102.53
60	-3102.53	-3102.53	-3102.53	-3102.53
61	-3102.53	-3102.53	-3102.53	-3102.53
62	-3102.53	-3102.53	-3102.53	-3102.53
63	-3102.53	-3102.53	-3102.53	-3102.53
64	-3102.53	-3102.53	-3102.53	-3102.53
65	-3102.53	-3102.53	-3102.53	-3102.53
66	-3102.53	-3102.53	-3102.53	-3102.53
67	-3102.53	-3102.53	-3102.53	-3102.53
68	-3102.53	-3102.53	-3102.53	-3102.53
69	-3102.53	-3102.53	-3102.53	-3102.53
70	-3102.53	-3102.53	-3102.53	-3102.53
71	-3102.53	-3102.53	-3102.53	-3102.53
72	-3102.53	-3102.53	-3102.53	-3102.53
73	-3102.53	-3102.53	-3102.53	-3102.53
74	-3102.53	-3102.53	-3102.53	-3102.53
75	-3102.53	-3102.53	-3102.53	-3102.53
76	-3102.53	-3102.53	-3102.53	-3102.53
77	-3102.53	-3102.53	-3102.53	-3102.53
78	-3102.53	-3102.53	-3102.53	-3102.53
79	-3102.53	-3102.53	-3102.53	-3102.53
80	-3102.53	-3102.53	-3102.53	-3102.53
81	-3102.53	-3102.53	-3102.53	-3102.53
82	-3102.53	-3102.53	-3102.53	-3102.53
83	-3102.53	-3102.53	-3102.53	-3102.53
84	-3102.53	-3102.53	-3102.53	-3102.53
85	-3102.53	-3102.53	-3102.53	-3102.53
86	-3102.53	-3102.53	-3102.53	-3102.53
87	-3102.53	-3102.53	-3102.53	-3102.53
88	-3102.53	-3102.53	-3102.53	-3102.53
89	-3102.53	-3102.53	-3102.53	-3102.53
90	-3102.53	-3102.53	-3102.53	-3102.53
91	-3102.53	-3102.53	-3102.53	-3102.53
92	-3102.53	-3102.53	-3102.53	-3102.53
93	-3102.53	-3102.53	-3102.53	-3102.53
94	-3102.53	-3102.53	-3102.53	-3102.53
95	-3102.53	-3102.53	-3102.53	-3102.53
96	-3102.53	-3102.53	-3102.53	-3102.53
97	-3102.53	-3102.53	-3102.53	-3102.53
98	-3102.53	-3102.53	-3102.53	-3102.53
99	-3102.53	-3102.53	-3102.53	-3102.53
100	-3102.53	-3102.53	-3102.53	-3102.53
1	-3101.32	-3101.32	-3084.61	-3100.07
2	-3101.32	-3101.32	-3097.07	-3100.07
3	-3101.63	-3101.63	-3097.83	-3100.71
4	-3102.51	-3101.63	-3102.51	-3100.71
5	-3102.51	-3101.63	-3102.51	-3100.71
6	-3102.51	-3101.63	-3102.51	-3100.97
7	-3102.53	-3101.63	-3102.53	-3100.97
8	-3102.53	-3102.51	-3102.53	-3102.53
9	-3102.53	-3102.51	-3102.53	-3102.53
10	-3102.53	-3102.51	-3102.53	-3102.53
11	-3102.53	-3102.51	-3102.53	-3102.53
12	-3102.53	-3102.51	-3102.53	-3102.53
13	-3102.53	-3102.51	-3102.53	-3102.53
14	-3102.53	-3102.53	-3102.53	-3102.53
15	-3102.53	-3102.53	-3102.53	-3102.53
16	-3102.53	-3102.53	-3102.53	-3102.53
17	-3102.53	-3102.53	-3102.53	-3102.53
18	-3102.53	-3102.53	-3102.53	-3102.53
19	-3102.53	-3102.53	-3102.53	-3102.53
20	-3102.53	-3102.53	-3102.53	-3102.53
21	-3102.53	-3102.53	-3102.53	-3102.53
22	-3102.53	-3102.53	-3102.53	-3102.53
23	-3102.53	-3102.53	-3102.53	-3102.53
24	-3102.53	-3102.53	-3102.53	-3102.53
25	-3102.53	-3102.53	-3102.53	-3102.53
26	-3102.53	-3102.53	-3102.53	-3102.53
27	-3102.53	-3102.53	-3102.53	-3102.53
28	-3102.53	-3102.53	-3102.53	-3102.53
29	-3102.53	-3102.53	-3102.53	-3102.53
30	-3102.53	-3102.53	-3102.53	-3102.53
31	-3102.53	-3102.53	-3102.53	-3102.53
32	-3102.53	-3102.53	-3102.53	-3102.53
33	-3102.53	-3102.53	-3102.53	-3102.53
34	-3102.53	-3102.53	-3102.53	-3102.53
35	-3102.53	-3102.53	-3102.53	-3102.53
36	-3102.53	-3102.53	-3102.53	-3102.53
37	-3102.53	-3102.53	-3102.53	-3102.53
38	-3102.53	-3102.53	-3102.53	-3102.53
39	-3102.53	-3102.53	-3102.53	-3102.53
40	-3102.53	-3102.53	-3102.53	-3102.53
41	-3102.53	-3102.53	-3102.53	-3102.53
42	-3102.53	-3102.53	-3102.53	-3102.53
43	-3102.53	-3102.53	-3102.53	-3102.53
44	-3102.53	-3102.53	-3102.53	-3102.53
45	-3102.53	-3102.53	-3102.53	-3102.53
46	-3102.53	-3102.53	-3102.53	-3102.53
47	-3102.53	-3102.53	-3102.53	-3102.53
48	-3102.53	-3102.53	-3102.53	-3102.53
49	-3102.53	-3102.53	-3102.53	-3102.53
50	-3102.53	-3102.53	-3102.53	-3102.53
51	-3102.53	-3102.53	-3102.53	-3102.53
52	-3102.53	-3102.53	-3102.53	-3102.53
53	-3102.53	-3102.53	-3102.53	-3102.53
54	-3102.53	-3102.53	-3102.53	-3102.53
55	-3102.53	-3102.53	-3102.53	-3102.53
56	-3102.53	-3102.53	-3102.53	-3102.53
57	-3102.53	-3102.53	-3102.53	-3102.53
58	-3102.53	-3102.53	-3102.53	-3102.53
59	-3102.53	-3102.53	-3102.53	-3102.53
60	-3102.53	-3102.53	-3102.53	-3102.53
61	-3102.53	-3102.53	-3102.53	-3102.53
62	-3102.53	-3102.53	-3102.53	-3102.53
63	-3102.53	-3102.53	-3102.53	-3102.53
64	-3102.53	-3102.53	-3102.53	-3102.53
65	-3102.53	-3102.53	-3102.53	-3102.53
66	-3102.53	-3102.53	-3102.53	-3102.53
67	-3102.53	-3102.53	-3102.53	-3102.53
68	-3102.53	-3102.53	-3102.53	-3102.53
69	-3102.53	-3102.53	-3102.53	-3102.53
70	-3102.53	-3102.53	-3102.53	-3102.53
71	-3102.53	-3102.53	-3102.53	-3102.53
72	-3102.53	-3102.53	-3102.53	-3102.53
73	-3102.53	-3102.53	-3102.53	-3102.53
74	-3102.53	-3102.53	-3102.53	-3102.53
75	-3102.53	-3102.53	-3102.53	-3102.53
76	-3102.53	-3102.53	-3102.53	-3102.53
77	-3102.53	-3102.53	-3102.53	-3102.53
78	-3102.53	-3102.53	-3102.53	-3102.53
79	-3102.53	-3102.53	-3102.53	-3102.53
80	-3102.53	-3102.53	-3102.53	-3102.53
81	-3102.53	-3102.53	-3102.53	-3102.53
82	-3102.53	-3102.53	-3102.53	-3102.53
83	-3102.53	-3102.53	-3102.53	-3102.53
84	-3102.53	-3102.53	-3102.53	-3102.53
85	-3102.53	-3102.53	-3102.53	-3102.53
86	-3102.53	-3102.53	-3102.53	-3102.53
87	-3102.53	-3102.53	-3102.53	-3102.53
88	-3102.53	-3102.53	-3102.53	-3102.53
89	-3102.53	-3102.53	-3102.53	-3102.53
90	-3102.53	-3102.53	-3102.53	-3102.53
91	-3102.53	-3102.53	-3102.53	-3102.53
92	-3102.53	-3102.53	-3102.53	-3102.53
93	-3102.53	-3102.53	-3102.53	-3102.53
94	-3102.53	-3102.53	-3102.53	-3102.53
95	-3102.53	-3102.53	-3102.53	-3102.53
96	-3102.53	-3102.53	-3102.53	-3102.53
97	-3102.53	-3102.53	-3102.53	-3102.53
98	-3102.53	-3102.53	-3102.53	-3102.53
99	-3102.53	-3102.53	-3102.53	-3102.53
100	-3102.53	-3102.53	-3102.53	-3102.53
