1	-5645.25	-5645.25	-5639.2	-5636.6
2	-5645.25	-5645.25	-5639.94	-5636.6
3	-5645.25	-5645.25	-5639.94	-5639.37
4	-5645.25	-5645.25	-5640.73	-5639.37
5	-5645.25	-5645.25	-5640.73	-5639.37
6	-5645.25	-5645.25	-5640.73	-5639.37
7	-5645.25	-5645.25	-5640.94	-5639.37
8	-5645.25	-5645.25	-5640.94	-5639.37
9	-5645.25	-5645.25	-5643.88	-5640.77
10	-5645.25	-5645.25	-5643.88	-5640.77
11	-5645.25	-5645.25	-5643.88	-5642.88
12	-5645.25	-5645.25	-5643.88	-5642.88
13	-5645.25	-5645.25	-5643.88	-5642.88
14	-5645.32	-5645.25	-5644.83	-5645.32
15	-5645.32	-5645.25	-5644.83	-5645.32
16	-5645.32	-5645.25	-5645.25	-5645.32
17	-5645.32	-5645.25	-5645.25	-5645.32
18	-5645.39	-5645.25	-5645.39	-5645.32
19	-5645.45	-5645.25	-5645.39	-5645.45
20	-5645.45	-5645.45	-5645.45	-5645.45
21	-5645.45	-5645.45	-5645.45	-5645.45
22	-5646.23	-5645.59	-5646.23	-5645.45
23	-5646.23	-5645.59	-5646.23	-5645.45
24	-5646.23	-5645.59	-5646.23	-5645.45
25	-5646.23	-5645.59	-5646.23	-5645.87
26	-5646.23	-5645.59	-5646.23	-5645.87
27	-5646.23	-5645.59	-5646.23	-5645.87
28	-5646.23	-5645.59	-5646.23	-5645.87
29	-5646.23	-5645.59	-5646.23	-5645.87
30	-5646.23	-5645.59	-5646.23	-5645.87
31	-5646.81	-5646.75	-5646.81	-5645.87
32	-5646.81	-5646.75	-5646.81	-5645.87
33	-5646.81	-5646.75	-5646.81	-5645.87
34	-5646.81	-5646.75	-5646.81	-5645.87
35	-5646.81	-5646.75	-5646.81	-5645.87
36	-5646.81	-5646.75	-5646.81	-5646.57
37	-5647.9	-5646.75	-5647.9	-5646.57
38	-5647.9	-5646.75	-5647.9	-5646.57
39	-5647.9	-5646.75	-5647.9	-5646.57
40	-5647.9	-5647.9	-5647.9	-5647.9
41	-5647.9	-5647.9	-5647.9	-5647.9
42	-5650.31	-5647.9	-5650.31	-5647.9
43	-5650.31	-5647.9	-5650.31	-5647.9
44	-5650.31	-5647.9	-5650.31	-5647.9
45	-5650.31	-5647.9	-5650.31	-5647.9
46	-5650.31	-5647.9	-5650.31	-5647.9
47	-5650.31	-5647.9	-5650.31	-5647.9
48	-5650.31	-5647.9	-5650.31	-5648.78
49	-5650.31	-5647.9	-5650.31	-5648.78
50	-5650.31	-5647.9	-5650.31	-5648.78
51	-5650.31	-5647.9	-5650.31	-5648.78
52	-5650.31	-5647.9	-5650.31	-5648.78
53	-5650.31	-5647.9	-5650.31	-5648.78
54	-5650.31	-5647.9	-5650.31	-5648.78
55	-5650.31	-5647.9	-5650.31	-5648.78
56	-5650.31	-5647.9	-5650.31	-5648.78
57	-5650.31	-5647.9	-5650.31	-5648.78
58	-5650.31	-5647.9	-5650.31	-5648.78
59	-5650.31	-5647.9	-5650.31	-5648.78
60	-5650.31	-5650.31	-5650.31	-5650.31
61	-5650.31	-5650.31	-5650.31	-5650.31
62	-5650.31	-5650.31	-5650.31	-5650.31
63	-5650.31	-5650.31	-5650.31	-5650.31
64	-5650.31	-5650.31	-5650.31	-5650.31
65	-5650.31	-5650.31	-5650.31	-5650.31
66	-5650.31	-5650.31	-5650.31	-5650.31
67	-5650.31	-5650.31	-5650.31	-5650.31
68	-5650.31	-5650.31	-5650.31	-5650.31
69	-5650.31	-5650.31	-5650.31	-5650.31
70	-5650.31	-5650.31	-5650.31	-5650.31
71	-5650.31	-5650.31	-5650.31	-5650.31
72	-5650.31	-5650.31	-5650.31	-5650.31
73	-5650.31	-5650.31	-5650.31	-5650.31
74	-5650.31	-5650.31	-5650.31	-5650.31
75	-5650.31	-5650.31	-5650.31	-5650.31
76	-5650.31	-5650.31	-5650.31	-5650.31
77	-5650.31	-5650.31	-5650.31	-5650.31
78	-5650.31	-5650.31	-5650.31	-5650.31
79	-5650.31	-5650.31	-5650.31	-5650.31
80	-5650.31	-5650.31	-5650.31	-5650.31
81	-5650.31	-5650.31	-5650.31	-5650.31
82	-5650.31	-5650.31	-5650.31	-5650.31
83	-5650.31	-5650.31	-5650.31	-5650.31
84	-5650.31	-5650.31	-5650.31	-5650.31
85	-5650.31	-5650.31	-5650.31	-5650.31
86	-5650.31	-5650.31	-5650.31	-5650.31
87	-5650.31	-5650.31	-5650.31	-5650.31
88	-5650.31	-5650.31	-5650.31	-5650.31
89	-5650.31	-5650.31	-5650.31	-5650.31
90	-5650.31	-5650.31	-5650.31	-5650.31
91	-5650.31	-5650.31	-5650.31	-5650.31
92	-5650.31	-5650.31	-5650.31	-5650.31
93	-5650.31	-5650.31	-5650.31	-5650.31
94	-5650.31	-5650.31	-5650.31	-5650.31
95	-5650.31	-5650.31	-5650.31	-5650.31
96	-5650.31	-5650.31	-5650.31	-5650.31
97	-5650.31	-5650.31	-5650.31	-5650.31
98	-5650.31	-5650.31	-5650.31	-5650.31
99	-5650.31	-5650.31	-5650.31	-5650.31
100	-5650.31	-5650.31	-5650.31	-5650.31
1	-5645.14	-5645.14	-5637.65	-5636.21
2	-5645.14	-5645.14	-5641.69	-5642.35
3	-5645.14	-5645.14	-5641.69	-5642.35
4	-5645.14	-5645.14	-5641.69	-5642.35
5	-5645.14	-5645.14	-5641.69	-5642.35
6	-5645.14	-5645.14	-5642.24	-5642.35
7	-5645.14	-5645.14	-5642.24	-5642.35
8	-5645.14	-5645.14	-5642.24	-5642.35
9	-5645.14	-5645.14	-5642.24	-5642.73
10	-5645.14	-5645.14	-5642.24	-5642.73
11	-5645.14	-5645.14	-5642.24	-5642.73
12	-5645.14	-5645.14	-5642.24	-5644.55
13	-5645.14	-5645.14	-5643.7	-5644.55
14	-5645.14	-5645.14	-5643.7	-5644.55
15	-5645.14	-5645.14	-5643.7	-5644.55
16	-5645.14	-5645.14	-5643.7	-5644.55
17	-5645.6	-5645.14	-5645.6	-5644.55
18	-5645.6	-5645.14	-5645.6	-5644.55
19	-5645.6	-5645.14	-5645.6	-5644.55
20	-5645.6	-5645.6	-5645.6	-5645.6
21	-5645.6	-5645.6	-5645.6	-5645.6
22	-5646.72	-5645.6	-5646.06	-5646.72
23	-5646.72	-5645.6	-5646.06	-5646.72
24	-5646.72	-5645.6	-5646.06	-5646.72
25	-5646.72	-5645.6	-5646.06	-5646.72
26	-5646.75	-5646.37	-5646.06	-5646.75
27	-5646.75	-5646.37	-5646.06	-5646.75
28	-5648.18	-5646.37	-5648.18	-5646.75
29	-5648.18	-5646.37	-5648.18	-5646.75
30	-5648.54	-5646.37	-5648.54	-5646.75
31	-5648.54	-5646.37	-5648.54	-5646.75
32	-5648.54	-5646.37	-5648.54	-5646.75
33	-5648.54	-5646.37	-5648.54	-5646.75
34	-5648.54	-5646.37	-5648.54	-5646.75
35	-5648.54	-5646.58	-5648.54	-5647.66
36	-5650.06	-5646.58	-5650.06	-5647.66
37	-5650.06	-5646.77	-5650.06	-5647.66
38	-5650.06	-5646.77	-5650.06	-5647.66
39	-5650.06	-5646.77	-5650.06	-5647.66
40	-5650.06	-5650.06	-5650.06	-5650.06
41	-5650.06	-5650.06	-5650.06	-5650.06
42	-5650.06	-5650.06	-5650.06	-5650.06
43	-5650.06	-5650.06	-5650.06	-5650.06
44	-5650.06	-5650.06	-5650.06	-5650.06
45	-5650.06	-5650.06	-5650.06	-5650.06
46	-5650.06	-5650.06	-5650.06	-5650.06
47	-5650.06	-5650.06	-5650.06	-5650.06
48	-5650.06	-5650.06	-5650.06	-5650.06
49	-5650.06	-5650.06	-5650.06	-5650.06
50	-5650.06	-5650.06	-5650.06	-5650.06
51	-5650.06	-5650.06	-5650.06	-5650.06
52	-5650.06	-5650.06	-5650.06	-5650.06
53	-5650.06	-5650.06	-5650.06	-5650.06
54	-5650.06	-5650.06	-5650.06	-5650.06
55	-5650.06	-5650.06	-5650.06	-5650.06
56	-5650.06	-5650.06	-5650.06	-5650.06
57	-5650.06	-5650.06	-5650.06	-5650.06
58	-5650.06	-5650.06	-5650.06	-5650.06
59	-5650.06	-5650.06	-5650.06	-5650.06
60	-5650.06	-5650.06	-5650.06	-5650.06
61	-5650.06	-5650.06	-5650.06	-5650.06
62	-5650.06	-5650.06	-5650.06	-5650.06
63	-5650.06	-5650.06	-5650.06	-5650.06
64	-5650.06	-5650.06	-5650.06	-5650.06
65	-5650.06	-5650.06	-5650.06	-5650.06
66	-5650.06	-5650.06	-5650.06	-5650.06
67	-5650.06	-5650.06	-5650.06	-5650.06
68	-5650.06	-5650.06	-5650.06	-5650.06
69	-5650.06	-5650.06	-5650.06	-5650.06
70	-5650.06	-5650.06	-5650.06	-5650.06
71	-5650.06	-5650.06	-5650.06	-5650.06
72	-5650.06	-5650.06	-5650.06	-5650.06
73	-5650.06	-5650.06	-5650.06	-5650.06
74	-5650.06	-5650.06	-5650.06	-5650.06
75	-5650.06	-5650.06	-5650.06	-5650.06
76	-5650.06	-5650.06	-5650.06	-5650.06
77	-5650.06	-5650.06	-5650.06	-5650.06
78	-5650.06	-5650.06	-5650.06	-5650.06
79	-5650.06	-5650.06	-5650.06	-5650.06
80	-5650.06	-5650.06	-5650.06	-5650.06
81	-5650.06	-5650.06	-5650.06	-5650.06
82	-5650.06	-5650.06	-5650.06	-5650.06
83	-5650.06	-5650.06	-5650.06	-5650.06
84	-5650.06	-5650.06	-5650.06	-5650.06
85	-5650.06	-5650.06	-5650.06	-5650.06
86	-5650.06	-5650.06	-5650.06	-5650.06
87	-5650.06	-5650.06	-5650.06	-5650.06
88	-5650.06	-5650.06	-5650.06	-5650.06
89	-5650.06	-5650.06	-5650.06	-5650.06
90	-5650.06	-5650.06	-5650.06	-5650.06
91	-5650.06	-5650.06	-5650.06	-5650.06
92	-5650.06	-5650.06	-5650.06	-5650.06
93	-5650.06	-5650.06	-5650.06	-5650.06
94	-5650.06	-5650.06	-5650.06	-5650.06
95	-5650.06	-5650.06	-5650.06	-5650.06
96	-5650.06	-5650.06	-5650.06	-5650.06
97	-5650.06	-5650.06	-5650.06	-5650.06
98	-5650.06	-5650.06	-5650.06	-5650.06
99	-5650.06	-5650.06	-5650.06	-5650.06
100	-5650.06	-5650.06	-5650.06	-5650.06
1	-5637.87	-5631.37	-5637.87	-5634.45
2	-5640.9	-5638.26	-5640.9	-5634.45
3	-5640.9	-5638.26	-5640.9	-5634.45
4	-5640.9	-5639.56	-5640.9	-5636.62
5	-5640.9	-5639.56	-5640.9	-5639.52
6	-5640.9	-5639.56	-5640.9	-5639.52
7	-5641.1	-5639.56	-5641.1	-5639.52
8	-5641.23	-5639.56	-5641.23	-5640.57
9	-5643.83	-5640.68	-5643.83	-5640.57
10	-5644.25	-5640.68	-5644.25	-5640.57
11	-5644.25	-5640.68	-5644.25	-5640.57
12	-5644.97	-5640.68	-5644.97	-5640.57
13	-5644.97	-5642.61	-5644.97	-5641.18
14	-5644.97	-5642.61	-5644.97	-5641.18
15	-5644.97	-5642.61	-5644.97	-5641.18
16	-5646.67	-5642.61	-5646.67	-5641.18
17	-5646.67	-5642.61	-5646.67	-5641.18
18	-5647.68	-5644	-5647.68	-5641.18
19	-5647.68	-5644	-5647.68	-5642.45
20	-5647.68	-5647.68	-5647.68	-5647.68
21	-5647.68	-5647.68	-5647.68	-5647.68
22	-5647.68	-5647.68	-5647.68	-5647.68
23	-5648.18	-5648.18	-5647.68	-5647.68
24	-5648.41	-5648.18	-5648.41	-5647.68
25	-5648.41	-5648.18	-5648.41	-5647.68
26	-5648.41	-5648.18	-5648.41	-5647.68
27	-5648.41	-5648.18	-5648.41	-5647.68
28	-5648.78	-5648.18	-5648.78	-5647.68
29	-5648.78	-5648.18	-5648.78	-5648.41
30	-5648.78	-5648.18	-5648.78	-5648.41
31	-5648.78	-5648.18	-5648.78	-5648.41
32	-5648.78	-5648.18	-5648.78	-5648.41
33	-5648.78	-5648.18	-5648.78	-5648.41
34	-5648.78	-5648.18	-5648.78	-5648.41
35	-5648.78	-5648.18	-5648.78	-5648.41
36	-5648.78	-5648.18	-5648.78	-5648.41
37	-5648.78	-5648.18	-5648.78	-5648.41
38	-5648.78	-5648.18	-5648.78	-5648.78
39	-5648.78	-5648.18	-5648.78	-5648.78
40	-5648.78	-5648.78	-5648.78	-5648.78
41	-5648.78	-5648.78	-5648.78	-5648.78
42	-5648.78	-5648.78	-5648.78	-5648.78
43	-5649.8	-5648.78	-5648.78	-5649.8
44	-5649.8	-5648.78	-5648.78	-5649.8
45	-5649.8	-5648.78	-5648.78	-5649.8
46	-5649.8	-5648.78	-5649.8	-5649.8
47	-5649.8	-5648.78	-5649.8	-5649.8
48	-5649.8	-5648.78	-5649.8	-5649.8
49	-5649.8	-5648.78	-5649.8	-5649.8
50	-5649.8	-5648.78	-5649.8	-5649.8
51	-5649.8	-5648.78	-5649.8	-5649.8
52	-5650.06	-5648.78	-5650.06	-5649.8
53	-5650.06	-5648.78	-5650.06	-5649.8
54	-5650.06	-5648.78	-5650.06	-5649.8
55	-5650.06	-5648.78	-5650.06	-5649.8
56	-5650.06	-5648.78	-5650.06	-5649.8
57	-5650.06	-5648.78	-5650.06	-5649.8
58	-5650.06	-5648.78	-5650.06	-5649.8
59	-5650.06	-5648.78	-5650.06	-5649.8
60	-5650.06	-5650.06	-5650.06	-5650.06
61	-5650.06	-5650.06	-5650.06	-5650.06
62	-5650.06	-5650.06	-5650.06	-5650.06
63	-5650.06	-5650.06	-5650.06	-5650.06
64	-5650.06	-5650.06	-5650.06	-5650.06
65	-5650.06	-5650.06	-5650.06	-5650.06
66	-5650.06	-5650.06	-5650.06	-5650.06
67	-5650.06	-5650.06	-5650.06	-5650.06
68	-5650.06	-5650.06	-5650.06	-5650.06
69	-5650.06	-5650.06	-5650.06	-5650.06
70	-5650.06	-5650.06	-5650.06	-5650.06
71	-5650.06	-5650.06	-5650.06	-5650.06
72	-5650.06	-5650.06	-5650.06	-5650.06
73	-5650.06	-5650.06	-5650.06	-5650.06
74	-5650.06	-5650.06	-5650.06	-5650.06
75	-5650.06	-5650.06	-5650.06	-5650.06
76	-5650.06	-5650.06	-5650.06	-5650.06
77	-5650.06	-5650.06	-5650.06	-5650.06
78	-5650.06	-5650.06	-5650.06	-5650.06
79	-5650.06	-5650.06	-5650.06	-5650.06
80	-5650.06	-5650.06	-5650.06	-5650.06
81	-5650.06	-5650.06	-5650.06	-5650.06
82	-5650.06	-5650.06	-5650.06	-5650.06
83	-5650.06	-5650.06	-5650.06	-5650.06
84	-5650.06	-5650.06	-5650.06	-5650.06
85	-5650.06	-5650.06	-5650.06	-5650.06
86	-5650.06	-5650.06	-5650.06	-5650.06
87	-5650.06	-5650.06	-5650.06	-5650.06
88	-5650.06	-5650.06	-5650.06	-5650.06
89	-5650.06	-5650.06	-5650.06	-5650.06
90	-5650.06	-5650.06	-5650.06	-5650.06
91	-5650.06	-5650.06	-5650.06	-5650.06
92	-5650.06	-5650.06	-5650.06	-5650.06
93	-5650.06	-5650.06	-5650.06	-5650.06
94	-5650.06	-5650.06	-5650.06	-5650.06
95	-5650.06	-5650.06	-5650.06	-5650.06
96	-5650.06	-5650.06	-5650.06	-5650.06
97	-5650.06	-5650.06	-5650.06	-5650.06
98	-5650.06	-5650.06	-5650.06	-5650.06
99	-5650.06	-5650.06	-5650.06	-5650.06
100	-5650.06	-5650.06	-5650.06	-5650.06
