1	-5942.53	-5942.53	-5939.42	-5940.21
2	-5942.53	-5942.53	-5940.48	-5940.21
3	-5942.53	-5942.53	-5940.48	-5940.48
4	-5943.5	-5942.53	-5940.48	-5943.5
5	-5943.5	-5942.53	-5940.48	-5943.5
6	-5943.5	-5942.53	-5940.48	-5943.5
7	-5943.5	-5943.41	-5940.74	-5943.5
8	-5943.5	-5943.41	-5943.12	-5943.5
9	-5944.97	-5944.97	-5943.12	-5943.5
10	-5944.97	-5944.97	-5943.12	-5943.5
11	-5944.97	-5944.97	-5943.12	-5943.5
12	-5944.97	-5944.97	-5944.89	-5943.5
13	-5944.97	-5944.97	-5944.89	-5943.5
14	-5944.97	-5944.97	-5944.89	-5943.5
15	-5945.12	-5944.97	-5944.89	-5945.12
16	-5945.12	-5944.97	-5945.12	-5945.12
17	-5945.12	-5944.97	-5945.12	-5945.12
18	-5945.12	-5944.97	-5945.12	-5945.12
19	-5945.12	-5944.97	-5945.12	-5945.12
20	-5945.12	-5945.12	-5945.12	-5945.12
21	-5945.12	-5945.12	-5945.12	-5945.12
22	-5945.12	-5945.12	-5945.12	-5945.12
23	-5945.12	-5945.12	-5945.12	-5945.12
24	-5945.12	-5945.12	-5945.12	-5945.12
25	-5945.12	-5945.12	-5945.12	-5945.12
26	-5945.12	-5945.12	-5945.12	-5945.12
27	-5945.12	-5945.12	-5945.12	-5945.12
28	-5945.12	-5945.12	-5945.12	-5945.12
29	-5945.12	-5945.12	-5945.12	-5945.12
30	-5945.12	-5945.12	-5945.12	-5945.12
31	-5945.12	-5945.12	-5945.12	-5945.12
32	-5945.12	-5945.12	-5945.12	-5945.12
33	-5945.12	-5945.12	-5945.12	-5945.12
34	-5945.12	-5945.12	-5945.12	-5945.12
35	-5945.12	-5945.12	-5945.12	-5945.12
36	-5945.12	-5945.12	-5945.12	-5945.12
37	-5945.12	-5945.12	-5945.12	-5945.12
38	-5945.12	-5945.12	-5945.12	-5945.12
39	-5945.12	-5945.12	-5945.12	-5945.12
40	-5945.12	-5945.12	-5945.12	-5945.12
41	-5945.12	-5945.12	-5945.12	-5945.12
42	-5945.12	-5945.12	-5945.12	-5945.12
43	-5945.12	-5945.12	-5945.12	-5945.12
44	-5945.12	-5945.12	-5945.12	-5945.12
45	-5945.12	-5945.12	-5945.12	-5945.12
46	-5945.12	-5945.12	-5945.12	-5945.12
47	-5945.12	-5945.12	-5945.12	-5945.12
48	-5945.12	-5945.12	-5945.12	-5945.12
49	-5945.12	-5945.12	-5945.12	-5945.12
50	-5945.12	-5945.12	-5945.12	-5945.12
51	-5945.12	-5945.12	-5945.12	-5945.12
52	-5945.12	-5945.12	-5945.12	-5945.12
53	-5945.12	-5945.12	-5945.12	-5945.12
54	-5945.12	-5945.12	-5945.12	-5945.12
55	-5945.12	-5945.12	-5945.12	-5945.12
56	-5945.12	-5945.12	-5945.12	-5945.12
57	-5945.12	-5945.12	-5945.12	-5945.12
58	-5945.12	-5945.12	-5945.12	-5945.12
59	-5945.12	-5945.12	-5945.12	-5945.12
60	-5945.12	-5945.12	-5945.12	-5945.12
61	-5945.12	-5945.12	-5945.12	-5945.12
62	-5945.12	-5945.12	-5945.12	-5945.12
63	-5945.12	-5945.12	-5945.12	-5945.12
64	-5945.12	-5945.12	-5945.12	-5945.12
65	-5945.12	-5945.12	-5945.12	-5945.12
66	-5945.12	-5945.12	-5945.12	-5945.12
67	-5945.12	-5945.12	-5945.12	-5945.12
68	-5945.12	-5945.12	-5945.12	-5945.12
69	-5945.12	-5945.12	-5945.12	-5945.12
70	-5945.12	-5945.12	-5945.12	-5945.12
71	-5945.12	-5945.12	-5945.12	-5945.12
72	-5945.12	-5945.12	-5945.12	-5945.12
73	-5945.12	-5945.12	-5945.12	-5945.12
74	-5945.12	-5945.12	-5945.12	-5945.12
75	-5945.12	-5945.12	-5945.12	-5945.12
76	-5945.12	-5945.12	-5945.12	-5945.12
77	-5945.12	-5945.12	-5945.12	-5945.12
78	-5945.12	-5945.12	-5945.12	-5945.12
79	-5945.12	-5945.12	-5945.12	-5945.12
80	-5945.12	-5945.12	-5945.12	-5945.12
81	-5945.12	-5945.12	-5945.12	-5945.12
82	-5945.12	-5945.12	-5945.12	-5945.12
83	-5945.12	-5945.12	-5945.12	-5945.12
84	-5945.12	-5945.12	-5945.12	-5945.12
85	-5945.12	-5945.12	-5945.12	-5945.12
86	-5945.12	-5945.12	-5945.12	-5945.12
87	-5945.12	-5945.12	-5945.12	-5945.12
88	-5945.12	-5945.12	-5945.12	-5945.12
89	-5945.12	-5945.12	-5945.12	-5945.12
90	-5945.12	-5945.12	-5945.12	-5945.12
91	-5945.12	-5945.12	-5945.12	-5945.12
92	-5945.12	-5945.12	-5945.12	-5945.12
93	-5945.12	-5945.12	-5945.12	-5945.12
94	-5945.12	-5945.12	-5945.12	-5945.12
95	-5945.12	-5945.12	-5945.12	-5945.12
96	-5945.12	-5945.12	-5945.12	-5945.12
97	-5945.12	-5945.12	-5945.12	-5945.12
98	-5945.12	-5945.12	-5945.12	-5945.12
99	-5945.12	-5945.12	-5945.12	-5945.12
100	-5945.12	-5945.12	-5945.12	-5945.12
1	-5938.68	-5937.47	-5938.68	-5937.75
2	-5940.27	-5940.27	-5938.68	-5937.75
3	-5940.74	-5940.27	-5940.74	-5940.74
4	-5940.74	-5940.27	-5940.74	-5940.74
5	-5940.74	-5940.27	-5940.74	-5940.74
6	-5943.5	-5940.74	-5943.5	-5940.74
7	-5945.12	-5940.74	-5943.5	-5945.12
8	-5945.12	-5940.74	-5943.5	-5945.12
9	-5945.12	-5940.74	-5943.5	-5945.12
10	-5945.12	-5940.74	-5943.5	-5945.12
11	-5945.12	-5940.74	-5943.5	-5945.12
12	-5945.12	-5943.12	-5943.5	-5945.12
13	-5945.12	-5943.12	-5943.5	-5945.12
14	-5945.12	-5943.12	-5943.5	-5945.12
15	-5945.12	-5943.29	-5943.5	-5945.12
16	-5945.12	-5943.29	-5945.12	-5945.12
17	-5945.12	-5944.97	-5945.12	-5945.12
18	-5945.12	-5944.97	-5945.12	-5945.12
19	-5945.12	-5944.97	-5945.12	-5945.12
20	-5945.12	-5945.12	-5945.12	-5945.12
21	-5945.12	-5945.12	-5945.12	-5945.12
22	-5945.12	-5945.12	-5945.12	-5945.12
23	-5945.12	-5945.12	-5945.12	-5945.12
24	-5945.12	-5945.12	-5945.12	-5945.12
25	-5945.12	-5945.12	-5945.12	-5945.12
26	-5945.12	-5945.12	-5945.12	-5945.12
27	-5945.12	-5945.12	-5945.12	-5945.12
28	-5945.12	-5945.12	-5945.12	-5945.12
29	-5945.12	-5945.12	-5945.12	-5945.12
30	-5945.12	-5945.12	-5945.12	-5945.12
31	-5945.12	-5945.12	-5945.12	-5945.12
32	-5945.12	-5945.12	-5945.12	-5945.12
33	-5945.12	-5945.12	-5945.12	-5945.12
34	-5945.12	-5945.12	-5945.12	-5945.12
35	-5945.12	-5945.12	-5945.12	-5945.12
36	-5945.12	-5945.12	-5945.12	-5945.12
37	-5945.12	-5945.12	-5945.12	-5945.12
38	-5945.12	-5945.12	-5945.12	-5945.12
39	-5945.12	-5945.12	-5945.12	-5945.12
40	-5945.12	-5945.12	-5945.12	-5945.12
41	-5945.12	-5945.12	-5945.12	-5945.12
42	-5945.12	-5945.12	-5945.12	-5945.12
43	-5945.12	-5945.12	-5945.12	-5945.12
44	-5945.12	-5945.12	-5945.12	-5945.12
45	-5945.12	-5945.12	-5945.12	-5945.12
46	-5945.12	-5945.12	-5945.12	-5945.12
47	-5945.12	-5945.12	-5945.12	-5945.12
48	-5945.12	-5945.12	-5945.12	-5945.12
49	-5945.12	-5945.12	-5945.12	-5945.12
50	-5945.12	-5945.12	-5945.12	-5945.12
51	-5945.12	-5945.12	-5945.12	-5945.12
52	-5945.12	-5945.12	-5945.12	-5945.12
53	-5945.12	-5945.12	-5945.12	-5945.12
54	-5945.12	-5945.12	-5945.12	-5945.12
55	-5945.12	-5945.12	-5945.12	-5945.12
56	-5945.12	-5945.12	-5945.12	-5945.12
57	-5945.12	-5945.12	-5945.12	-5945.12
58	-5945.12	-5945.12	-5945.12	-5945.12
59	-5945.12	-5945.12	-5945.12	-5945.12
60	-5945.12	-5945.12	-5945.12	-5945.12
61	-5945.12	-5945.12	-5945.12	-5945.12
62	-5945.12	-5945.12	-5945.12	-5945.12
63	-5945.12	-5945.12	-5945.12	-5945.12
64	-5945.12	-5945.12	-5945.12	-5945.12
65	-5945.12	-5945.12	-5945.12	-5945.12
66	-5945.12	-5945.12	-5945.12	-5945.12
67	-5945.12	-5945.12	-5945.12	-5945.12
68	-5945.12	-5945.12	-5945.12	-5945.12
69	-5945.12	-5945.12	-5945.12	-5945.12
70	-5945.12	-5945.12	-5945.12	-5945.12
71	-5945.12	-5945.12	-5945.12	-5945.12
72	-5945.12	-5945.12	-5945.12	-5945.12
73	-5945.12	-5945.12	-5945.12	-5945.12
74	-5945.12	-5945.12	-5945.12	-5945.12
75	-5945.12	-5945.12	-5945.12	-5945.12
76	-5945.12	-5945.12	-5945.12	-5945.12
77	-5945.12	-5945.12	-5945.12	-5945.12
78	-5945.12	-5945.12	-5945.12	-5945.12
79	-5945.12	-5945.12	-5945.12	-5945.12
80	-5945.12	-5945.12	-5945.12	-5945.12
81	-5945.12	-5945.12	-5945.12	-5945.12
82	-5945.12	-5945.12	-5945.12	-5945.12
83	-5945.12	-5945.12	-5945.12	-5945.12
84	-5945.12	-5945.12	-5945.12	-5945.12
85	-5945.12	-5945.12	-5945.12	-5945.12
86	-5945.12	-5945.12	-5945.12	-5945.12
87	-5945.12	-5945.12	-5945.12	-5945.12
88	-5945.12	-5945.12	-5945.12	-5945.12
89	-5945.12	-5945.12	-5945.12	-5945.12
90	-5945.12	-5945.12	-5945.12	-5945.12
91	-5945.12	-5945.12	-5945.12	-5945.12
92	-5945.12	-5945.12	-5945.12	-5945.12
93	-5945.12	-5945.12	-5945.12	-5945.12
94	-5945.12	-5945.12	-5945.12	-5945.12
95	-5945.12	-5945.12	-5945.12	-5945.12
96	-5945.12	-5945.12	-5945.12	-5945.12
97	-5945.12	-5945.12	-5945.12	-5945.12
98	-5945.12	-5945.12	-5945.12	-5945.12
99	-5945.12	-5945.12	-5945.12	-5945.12
100	-5945.12	-5945.12	-5945.12	-5945.12
1	-5939.76	-5939.76	-5937.04	-5937.88
2	-5945.12	-5941.78	-5945.12	-5939.76
3	-5945.12	-5941.78	-5945.12	-5940.74
4	-5945.12	-5942.39	-5945.12	-5940.74
5	-5945.12	-5942.39	-5945.12	-5940.74
6	-5945.12	-5942.39	-5945.12	-5940.74
7	-5945.12	-5942.39	-5945.12	-5940.74
8	-5945.12	-5943.12	-5945.12	-5940.74
9	-5945.12	-5943.41	-5945.12	-5942.66
10	-5945.12	-5943.5	-5945.12	-5942.66
11	-5945.12	-5943.5	-5945.12	-5943.41
12	-5945.12	-5943.5	-5945.12	-5943.41
13	-5945.12	-5943.5	-5945.12	-5943.41
14	-5945.12	-5943.5	-5945.12	-5943.41
15	-5945.12	-5943.5	-5945.12	-5943.41
16	-5945.12	-5943.5	-5945.12	-5943.41
17	-5945.12	-5943.5	-5945.12	-5943.41
18	-5945.12	-5943.5	-5945.12	-5943.41
19	-5945.12	-5943.5	-5945.12	-5943.41
20	-5945.12	-5945.12	-5945.12	-5945.12
21	-5945.12	-5945.12	-5945.12	-5945.12
22	-5945.12	-5945.12	-5945.12	-5945.12
23	-5945.12	-5945.12	-5945.12	-5945.12
24	-5945.12	-5945.12	-5945.12	-5945.12
25	-5945.12	-5945.12	-5945.12	-5945.12
26	-5945.12	-5945.12	-5945.12	-5945.12
27	-5945.12	-5945.12	-5945.12	-5945.12
28	-5945.12	-5945.12	-5945.12	-5945.12
29	-5945.12	-5945.12	-5945.12	-5945.12
30	-5945.12	-5945.12	-5945.12	-5945.12
31	-5945.12	-5945.12	-5945.12	-5945.12
32	-5945.12	-5945.12	-5945.12	-5945.12
33	-5945.12	-5945.12	-5945.12	-5945.12
34	-5945.12	-5945.12	-5945.12	-5945.12
35	-5945.12	-5945.12	-5945.12	-5945.12
36	-5945.12	-5945.12	-5945.12	-5945.12
37	-5945.12	-5945.12	-5945.12	-5945.12
38	-5945.12	-5945.12	-5945.12	-5945.12
39	-5945.12	-5945.12	-5945.12	-5945.12
40	-5945.12	-5945.12	-5945.12	-5945.12
41	-5945.12	-5945.12	-5945.12	-5945.12
42	-5945.12	-5945.12	-5945.12	-5945.12
43	-5945.12	-5945.12	-5945.12	-5945.12
44	-5945.12	-5945.12	-5945.12	-5945.12
45	-5945.12	-5945.12	-5945.12	-5945.12
46	-5945.12	-5945.12	-5945.12	-5945.12
47	-5945.12	-5945.12	-5945.12	-5945.12
48	-5945.12	-5945.12	-5945.12	-5945.12
49	-5945.12	-5945.12	-5945.12	-5945.12
50	-5945.12	-5945.12	-5945.12	-5945.12
51	-5945.12	-5945.12	-5945.12	-5945.12
52	-5945.12	-5945.12	-5945.12	-5945.12
53	-5945.12	-5945.12	-5945.12	-5945.12
54	-5945.12	-5945.12	-5945.12	-5945.12
55	-5945.12	-5945.12	-5945.12	-5945.12
56	-5945.12	-5945.12	-5945.12	-5945.12
57	-5945.12	-5945.12	-5945.12	-5945.12
58	-5945.12	-5945.12	-5945.12	-5945.12
59	-5945.12	-5945.12	-5945.12	-5945.12
60	-5945.12	-5945.12	-5945.12	-5945.12
61	-5945.12	-5945.12	-5945.12	-5945.12
62	-5945.12	-5945.12	-5945.12	-5945.12
63	-5945.12	-5945.12	-5945.12	-5945.12
64	-5945.12	-5945.12	-5945.12	-5945.12
65	-5945.12	-5945.12	-5945.12	-5945.12
66	-5945.12	-5945.12	-5945.12	-5945.12
67	-5945.12	-5945.12	-5945.12	-5945.12
68	-5945.12	-5945.12	-5945.12	-5945.12
69	-5945.12	-5945.12	-5945.12	-5945.12
70	-5945.12	-5945.12	-5945.12	-5945.12
71	-5945.12	-5945.12	-5945.12	-5945.12
72	-5945.12	-5945.12	-5945.12	-5945.12
73	-5945.12	-5945.12	-5945.12	-5945.12
74	-5945.12	-5945.12	-5945.12	-5945.12
75	-5945.12	-5945.12	-5945.12	-5945.12
76	-5945.12	-5945.12	-5945.12	-5945.12
77	-5945.12	-5945.12	-5945.12	-5945.12
78	-5945.12	-5945.12	-5945.12	-5945.12
79	-5945.12	-5945.12	-5945.12	-5945.12
80	-5945.12	-5945.12	-5945.12	-5945.12
81	-5945.12	-5945.12	-5945.12	-5945.12
82	-5945.12	-5945.12	-5945.12	-5945.12
83	-5945.12	-5945.12	-5945.12	-5945.12
84	-5945.12	-5945.12	-5945.12	-5945.12
85	-5945.12	-5945.12	-5945.12	-5945.12
86	-5945.12	-5945.12	-5945.12	-5945.12
87	-5945.12	-5945.12	-5945.12	-5945.12
88	-5945.12	-5945.12	-5945.12	-5945.12
89	-5945.12	-5945.12	-5945.12	-5945.12
90	-5945.12	-5945.12	-5945.12	-5945.12
91	-5945.12	-5945.12	-5945.12	-5945.12
92	-5945.12	-5945.12	-5945.12	-5945.12
93	-5945.12	-5945.12	-5945.12	-5945.12
94	-5945.12	-5945.12	-5945.12	-5945.12
95	-5945.12	-5945.12	-5945.12	-5945.12
96	-5945.12	-5945.12	-5945.12	-5945.12
97	-5945.12	-5945.12	-5945.12	-5945.12
98	-5945.12	-5945.12	-5945.12	-5945.12
99	-5945.12	-5945.12	-5945.12	-5945.12
100	-5945.12	-5945.12	-5945.12	-5945.12
