1	-9704.73	-9693.21	-9702.05	-9704.73
2	-9708.13	-9706.36	-9708.13	-9705.01
3	-9728.16	-9728.16	-9708.5	-9705.01
4	-9728.16	-9728.16	-9708.5	-9705.01
5	-9728.16	-9728.16	-9714.51	-9705.01
6	-9728.16	-9728.16	-9714.51	-9711.61
7	-9728.16	-9728.16	-9714.51	-9711.61
8	-9728.48	-9728.48	-9717.13	-9711.61
9	-9728.48	-9728.48	-9717.53	-9711.61
10	-9728.48	-9728.48	-9717.53	-9711.61
11	-9728.48	-9728.48	-9721.35	-9711.61
12	-9728.48	-9728.48	-9723.58	-9711.61
13	-9730.84	-9730.84	-9723.58	-9711.61
14	-9730.84	-9730.84	-9723.58	-9714.64
15	-9730.84	-9730.84	-9725.2	-9714.64
16	-9732.71	-9732.71	-9725.2	-9714.64
17	-9732.71	-9732.71	-9725.66	-9714.64
18	-9734.62	-9734.62	-9725.66	-9714.64
19	-9734.62	-9734.62	-9725.66	-9714.64
20	-9734.62	-9734.62	-9734.62	-9734.62
21	-9746.44	-9735.98	-9734.62	-9746.44
22	-9746.44	-9735.98	-9735.61	-9746.44
23	-9746.44	-9735.98	-9735.61	-9746.44
24	-9746.44	-9735.98	-9735.61	-9746.44
25	-9746.44	-9735.98	-9735.61	-9746.44
26	-9746.44	-9735.98	-9738.06	-9746.44
27	-9746.44	-9735.98	-9738.06	-9746.44
28	-9746.6	-9735.98	-9740.44	-9746.6
29	-9747.96	-9735.98	-9740.44	-9747.96
30	-9747.96	-9735.98	-9740.44	-9747.96
31	-9747.96	-9735.98	-9741.38	-9747.96
32	-9747.96	-9735.98	-9742.19	-9747.96
33	-9747.96	-9735.98	-9742.19	-9747.96
34	-9747.96	-9735.98	-9742.19	-9747.96
35	-9747.96	-9735.98	-9742.19	-9747.96
36	-9747.96	-9735.98	-9742.19	-9747.96
37	-9747.96	-9735.98	-9742.79	-9747.96
38	-9747.96	-9737.35	-9742.79	-9747.96
39	-9747.96	-9737.35	-9742.79	-9747.96
40	-9747.96	-9747.96	-9747.96	-9747.96
41	-9747.96	-9747.96	-9747.96	-9747.96
42	-9747.96	-9747.96	-9747.96	-9747.96
43	-9747.96	-9747.96	-9747.96	-9747.96
44	-9747.96	-9747.96	-9747.96	-9747.96
45	-9749.92	-9747.96	-9749.92	-9747.96
46	-9749.92	-9747.96	-9749.92	-9747.96
47	-9749.92	-9747.96	-9749.92	-9747.96
48	-9749.92	-9747.96	-9749.92	-9747.96
49	-9749.92	-9747.96	-9749.92	-9747.96
50	-9749.92	-9747.96	-9749.92	-9747.96
51	-9751.53	-9747.96	-9751.53	-9747.96
52	-9751.53	-9747.96	-9751.53	-9747.96
53	-9751.53	-9747.96	-9751.53	-9750.91
54	-9751.53	-9747.96	-9751.53	-9750.91
55	-9751.53	-9747.96	-9751.53	-9750.91
56	-9751.53	-9747.96	-9751.53	-9750.91
57	-9751.53	-9747.96	-9751.53	-9750.91
58	-9751.53	-9747.96	-9751.53	-9750.91
59	-9751.53	-9747.96	-9751.53	-9750.91
60	-9751.53	-9751.53	-9751.53	-9751.53
61	-9751.53	-9751.53	-9751.53	-9751.53
62	-9751.72	-9751.72	-9751.53	-9751.53
63	-9751.72	-9751.72	-9751.53	-9751.53
64	-9751.72	-9751.72	-9751.53	-9751.53
65	-9751.72	-9751.72	-9751.53	-9751.53
66	-9751.72	-9751.72	-9751.53	-9751.53
67	-9751.72	-9751.72	-9751.53	-9751.53
68	-9751.72	-9751.72	-9751.72	-9751.53
69	-9751.72	-9751.72	-9751.72	-9751.53
70	-9751.72	-9751.72	-9751.72	-9751.53
71	-9751.72	-9751.72	-9751.72	-9751.53
72	-9751.88	-9751.72	-9751.88	-9751.53
73	-9751.88	-9751.72	-9751.88	-9751.53
74	-9752.1	-9751.72	-9752.1	-9751.53
75	-9752.1	-9751.72	-9752.1	-9751.53
76	-9752.1	-9751.72	-9752.1	-9751.53
77	-9752.1	-9751.72	-9752.1	-9751.53
78	-9752.1	-9751.72	-9752.1	-9751.53
79	-9752.1	-9751.72	-9752.1	-9751.53
80	-9752.1	-9752.1	-9752.1	-9752.1
81	-9752.17	-9752.17	-9752.1	-9752.1
82	-9752.17	-9752.17	-9752.1	-9752.1
83	-9752.17	-9752.17	-9752.1	-9752.1
84	-9752.17	-9752.17	-9752.1	-9752.1
85	-9752.17	-9752.17	-9752.1	-9752.1
86	-9752.35	-9752.35	-9752.25	-9752.1
87	-9752.35	-9752.35	-9752.25	-9752.1
88	-9752.35	-9752.35	-9752.25	-9752.1
89	-9752.35	-9752.35	-9752.32	-9752.1
90	-9752.35	-9752.35	-9752.32	-9752.1
91	-9752.35	-9752.35	-9752.32	-9752.1
92	-9752.35	-9752.35	-9752.32	-9752.1
93	-9752.35	-9752.35	-9752.32	-9752.1
94	-9752.35	-9752.35	-9752.32	-9752.1
95	-9752.35	-9752.35	-9752.32	-9752.1
96	-9752.35	-9752.35	-9752.32	-9752.1
97	-9752.35	-9752.35	-9752.32	-9752.1
98	-9752.35	-9752.35	-9752.32	-9752.1
99	-9752.35	-9752.35	-9752.32	-9752.1
100	-9752.35	-9752.35	-9752.35	-9752.35
1	-9710.43	-9710.43	-9689.75	-9685.42
2	-9715.09	-9715.09	-9710.75	-9697.65
3	-9718.83	-9715.09	-9718.83	-9697.65
4	-9718.83	-9715.09	-9718.83	-9712.84
5	-9718.83	-9716.18	-9718.83	-9712.84
6	-9721.3	-9716.18	-9721.3	-9716.72
7	-9721.3	-9716.18	-9721.3	-9716.72
8	-9721.3	-9716.18	-9721.3	-9718.09
9	-9722.48	-9716.18	-9722.48	-9718.09
10	-9722.48	-9716.18	-9722.48	-9718.13
11	-9722.48	-9716.18	-9722.48	-9718.13
12	-9723.45	-9716.18	-9723.45	-9718.13
13	-9723.45	-9722.44	-9723.45	-9720.28
14	-9724.07	-9722.44	-9724.07	-9720.28
15	-9724.07	-9722.44	-9724.07	-9720.28
16	-9724.07	-9722.44	-9724.07	-9720.28
17	-9724.07	-9722.44	-9724.07	-9720.28
18	-9726.52	-9722.44	-9726.52	-9720.28
19	-9726.52	-9722.44	-9726.52	-9720.28
20	-9726.52	-9726.52	-9726.52	-9726.52
21	-9727.97	-9726.52	-9727.97	-9727.62
22	-9727.97	-9726.52	-9727.97	-9727.62
23	-9728.7	-9727.97	-9728.7	-9727.62
24	-9728.7	-9727.97	-9728.7	-9727.62
25	-9728.7	-9727.97	-9728.7	-9727.62
26	-9729.36	-9727.97	-9729.36	-9727.62
27	-9729.36	-9727.97	-9729.36	-9727.62
28	-9729.49	-9727.97	-9729.49	-9727.62
29	-9729.49	-9727.97	-9729.49	-9727.62
30	-9729.49	-9727.97	-9729.49	-9727.62
31	-9729.49	-9727.97	-9729.49	-9727.62
32	-9729.49	-9729.23	-9729.49	-9727.62
33	-9729.49	-9729.23	-9729.49	-9727.62
34	-9729.49	-9729.23	-9729.49	-9727.62
35	-9729.49	-9729.23	-9729.49	-9727.62
36	-9729.49	-9729.23	-9729.49	-9727.62
37	-9729.49	-9729.23	-9729.49	-9728.07
38	-9730.72	-9730.72	-9729.49	-9728.07
39	-9730.72	-9730.72	-9730.48	-9728.07
40	-9730.72	-9730.72	-9730.72	-9730.72
41	-9732.75	-9732.75	-9730.72	-9730.72
42	-9732.75	-9732.75	-9730.72	-9730.72
43	-9732.75	-9732.75	-9730.72	-9730.72
44	-9741.64	-9732.75	-9730.87	-9741.64
45	-9741.64	-9732.75	-9730.87	-9741.64
46	-9741.64	-9732.75	-9730.87	-9741.64
47	-9741.64	-9732.75	-9732.75	-9741.64
48	-9741.64	-9732.75	-9732.75	-9741.64
49	-9741.64	-9732.75	-9733.03	-9741.64
50	-9741.64	-9732.75	-9733.03	-9741.64
51	-9741.64	-9732.75	-9733.03	-9741.64
52	-9741.64	-9732.75	-9733.03	-9741.64
53	-9741.64	-9732.75	-9734.02	-9741.64
54	-9741.64	-9732.75	-9734.02	-9741.64
55	-9741.64	-9732.75	-9734.02	-9741.64
56	-9741.64	-9732.75	-9734.02	-9741.64
57	-9742.84	-9742.84	-9734.02	-9741.64
58	-9744.79	-9744.79	-9734.02	-9741.64
59	-9744.79	-9744.79	-9734.02	-9741.64
60	-9749.22	-9749.22	-9749.22	-9749.22
61	-9749.22	-9749.22	-9749.22	-9749.22
62	-9751.6	-9749.22	-9751.6	-9750.32
63	-9751.6	-9749.22	-9751.6	-9750.32
64	-9751.73	-9749.22	-9751.6	-9751.73
65	-9751.73	-9749.22	-9751.6	-9751.73
66	-9752.24	-9749.22	-9752.24	-9751.73
67	-9752.24	-9749.22	-9752.24	-9751.73
68	-9752.24	-9749.22	-9752.24	-9751.73
69	-9752.24	-9749.22	-9752.24	-9751.73
70	-9752.24	-9749.22	-9752.24	-9751.73
71	-9752.24	-9749.22	-9752.24	-9751.73
72	-9752.24	-9749.22	-9752.24	-9751.73
73	-9752.24	-9751.6	-9752.24	-9751.73
74	-9752.24	-9751.6	-9752.24	-9751.73
75	-9752.24	-9751.6	-9752.24	-9751.73
76	-9752.24	-9751.6	-9752.24	-9751.73
77	-9752.24	-9751.6	-9752.24	-9751.73
78	-9752.24	-9751.6	-9752.24	-9751.73
79	-9752.24	-9751.6	-9752.24	-9751.73
80	-9752.24	-9752.24	-9752.24	-9752.24
81	-9752.32	-9752.24	-9752.24	-9752.32
82	-9752.32	-9752.24	-9752.24	-9752.32
83	-9752.32	-9752.24	-9752.24	-9752.32
84	-9752.43	-9752.43	-9752.24	-9752.32
85	-9752.43	-9752.43	-9752.32	-9752.32
86	-9752.43	-9752.43	-9752.32	-9752.32
87	-9752.43	-9752.43	-9752.32	-9752.32
88	-9752.43	-9752.43	-9752.32	-9752.32
89	-9752.43	-9752.43	-9752.32	-9752.32
90	-9752.43	-9752.43	-9752.32	-9752.32
91	-9752.46	-9752.43	-9752.46	-9752.32
92	-9752.46	-9752.43	-9752.46	-9752.32
93	-9752.46	-9752.43	-9752.46	-9752.32
94	-9752.46	-9752.43	-9752.46	-9752.32
95	-9752.46	-9752.43	-9752.46	-9752.32
96	-9752.46	-9752.43	-9752.46	-9752.32
97	-9752.46	-9752.43	-9752.46	-9752.32
98	-9752.46	-9752.43	-9752.46	-9752.32
99	-9752.46	-9752.43	-9752.46	-9752.32
100	-9752.46	-9752.46	-9752.46	-9752.46
1	-9704.69	-9684.92	-9704.69	-9701.9
2	-9707.56	-9706.67	-9704.69	-9707.56
3	-9707.56	-9706.67	-9704.69	-9707.56
4	-9707.56	-9706.67	-9705.71	-9707.56
5	-9709.71	-9706.72	-9709.71	-9707.56
6	-9711.91	-9706.72	-9709.71	-9711.91
7	-9711.91	-9706.72	-9711.61	-9711.91
8	-9711.91	-9706.72	-9711.61	-9711.91
9	-9712.8	-9706.72	-9711.61	-9712.8
10	-9712.8	-9706.72	-9711.61	-9712.8
11	-9712.8	-9706.72	-9712.76	-9712.8
12	-9712.8	-9706.72	-9712.76	-9712.8
13	-9715.78	-9706.72	-9715.78	-9712.8
14	-9715.78	-9707.47	-9715.78	-9713.08
15	-9718.2	-9707.47	-9718.2	-9713.08
16	-9718.2	-9707.47	-9718.2	-9714.91
17	-9718.2	-9707.47	-9718.2	-9714.91
18	-9718.2	-9707.47	-9718.2	-9714.91
19	-9718.2	-9707.79	-9718.2	-9714.91
20	-9721.25	-9721.25	-9721.25	-9721.25
21	-9722.22	-9721.25	-9722.22	-9721.25
22	-9722.22	-9721.25	-9722.22	-9721.25
23	-9722.22	-9721.25	-9722.22	-9721.25
24	-9722.22	-9721.57	-9722.22	-9721.25
25	-9722.22	-9721.57	-9722.22	-9721.25
26	-9722.22	-9721.57	-9722.22	-9721.25
27	-9722.29	-9721.57	-9722.29	-9721.25
28	-9722.29	-9721.57	-9722.29	-9721.25
29	-9741.55	-9721.57	-9722.29	-9741.55
30	-9743.82	-9721.57	-9722.29	-9743.82
31	-9743.82	-9721.57	-9722.29	-9743.82
32	-9743.82	-9724.4	-9723	-9743.82
33	-9743.82	-9724.4	-9723	-9743.82
34	-9743.82	-9724.4	-9725.62	-9743.82
35	-9743.82	-9724.4	-9725.62	-9743.82
36	-9743.82	-9724.41	-9725.62	-9743.82
37	-9743.82	-9724.41	-9725.62	-9743.82
38	-9743.82	-9724.41	-9725.62	-9743.82
39	-9747.44	-9724.41	-9725.62	-9747.44
40	-9747.44	-9747.44	-9747.44	-9747.44
41	-9747.44	-9747.44	-9747.44	-9747.44
42	-9747.69	-9747.69	-9747.44	-9747.44
43	-9747.69	-9747.69	-9747.44	-9747.44
44	-9747.69	-9747.69	-9747.44	-9747.44
45	-9747.69	-9747.69	-9747.44	-9747.44
46	-9747.69	-9747.69	-9747.44	-9747.44
47	-9747.69	-9747.69	-9747.44	-9747.44
48	-9747.69	-9747.69	-9747.44	-9747.44
49	-9747.69	-9747.69	-9747.44	-9747.44
50	-9748.74	-9748.74	-9747.44	-9747.44
51	-9748.74	-9748.74	-9747.44	-9747.44
52	-9748.74	-9748.74	-9747.44	-9747.44
53	-9748.74	-9748.74	-9747.44	-9747.44
54	-9751.66	-9751.66	-9747.81	-9749.56
55	-9751.66	-9751.66	-9748.5	-9749.56
56	-9751.66	-9751.66	-9748.5	-9749.56
57	-9751.66	-9751.66	-9748.5	-9749.56
58	-9751.66	-9751.66	-9748.5	-9749.56
59	-9751.66	-9751.66	-9748.5	-9749.56
60	-9751.66	-9751.66	-9751.66	-9751.66
61	-9751.66	-9751.66	-9751.66	-9751.66
62	-9751.66	-9751.66	-9751.66	-9751.66
63	-9751.81	-9751.66	-9751.81	-9751.66
64	-9751.81	-9751.66	-9751.81	-9751.66
65	-9751.81	-9751.66	-9751.81	-9751.66
66	-9751.81	-9751.66	-9751.81	-9751.66
67	-9752.28	-9751.66	-9751.81	-9752.28
68	-9752.28	-9751.66	-9751.81	-9752.28
69	-9752.28	-9751.66	-9751.81	-9752.28
70	-9752.28	-9751.66	-9751.81	-9752.28
71	-9752.28	-9751.66	-9751.81	-9752.28
72	-9752.28	-9751.66	-9751.81	-9752.28
73	-9752.28	-9751.66	-9751.81	-9752.28
74	-9752.28	-9751.66	-9751.81	-9752.28
75	-9752.28	-9751.66	-9751.81	-9752.28
76	-9752.28	-9751.66	-9751.81	-9752.28
77	-9752.28	-9751.66	-9751.81	-9752.28
78	-9752.28	-9751.66	-9751.81	-9752.28
79	-9752.28	-9751.66	-9751.81	-9752.28
80	-9752.28	-9752.28	-9752.28	-9752.28
81	-9752.28	-9752.28	-9752.28	-9752.28
82	-9752.28	-9752.28	-9752.28	-9752.28
83	-9752.28	-9752.28	-9752.28	-9752.28
84	-9752.28	-9752.28	-9752.28	-9752.28
85	-9752.28	-9752.28	-9752.28	-9752.28
86	-9752.28	-9752.28	-9752.28	-9752.28
87	-9752.28	-9752.28	-9752.28	-9752.28
88	-9752.28	-9752.28	-9752.28	-9752.28
89	-9752.28	-9752.28	-9752.28	-9752.28
90	-9752.46	-9752.28	-9752.46	-9752.28
91	-9752.46	-9752.28	-9752.46	-9752.28
92	-9752.46	-9752.28	-9752.46	-9752.28
93	-9752.46	-9752.28	-9752.46	-9752.28
94	-9752.46	-9752.28	-9752.46	-9752.28
95	-9752.46	-9752.28	-9752.46	-9752.28
96	-9752.46	-9752.28	-9752.46	-9752.28
97	-9752.46	-9752.28	-9752.46	-9752.28
98	-9752.46	-9752.28	-9752.46	-9752.28
99	-9752.46	-9752.28	-9752.46	-9752.28
100	-9752.46	-9752.46	-9752.46	-9752.46
