1	-9520.22	-9507.74	-9520.22	-9513.36
2	-9520.22	-9507.92	-9520.22	-9513.36
3	-9524.15	-9524.15	-9520.22	-9513.36
4	-9551.34	-9525.63	-9551.34	-9513.58
5	-9551.34	-9525.63	-9551.34	-9519.43
6	-9551.34	-9525.63	-9551.34	-9522.76
7	-9551.34	-9531.2	-9551.34	-9522.76
8	-9551.34	-9531.2	-9551.34	-9522.76
9	-9551.34	-9535.21	-9551.34	-9522.76
10	-9551.34	-9535.21	-9551.34	-9524.87
11	-9551.34	-9535.21	-9551.34	-9524.87
12	-9551.34	-9535.21	-9551.34	-9524.87
13	-9551.34	-9535.21	-9551.34	-9524.87
14	-9551.34	-9537.2	-9551.34	-9526.37
15	-9551.96	-9538.19	-9551.96	-9529.1
16	-9554.75	-9538.19	-9554.75	-9529.1
17	-9555.55	-9538.19	-9555.55	-9529.1
18	-9555.55	-9540.33	-9555.55	-9529.1
19	-9556.02	-9540.33	-9556.02	-9529.1
20	-9556.02	-9556.02	-9556.02	-9556.02
21	-9558.69	-9556.56	-9558.69	-9556.02
22	-9559.49	-9557.27	-9559.49	-9557.29
23	-9563.73	-9563.73	-9559.49	-9557.29
24	-9563.73	-9563.73	-9559.49	-9558.56
25	-9563.73	-9563.73	-9559.49	-9558.56
26	-9563.73	-9563.73	-9559.49	-9558.56
27	-9563.73	-9563.73	-9559.49	-9558.56
28	-9563.73	-9563.73	-9559.49	-9558.56
29	-9563.73	-9563.73	-9559.49	-9558.56
30	-9563.73	-9563.73	-9559.76	-9558.56
31	-9563.73	-9563.73	-9559.76	-9558.56
32	-9563.73	-9563.73	-9560.14	-9558.56
33	-9563.73	-9563.73	-9560.14	-9558.56
34	-9563.73	-9563.73	-9560.14	-9558.56
35	-9563.73	-9563.73	-9560.14	-9558.56
36	-9563.73	-9563.73	-9560.14	-9558.56
37	-9563.73	-9563.73	-9560.14	-9558.56
38	-9563.73	-9563.73	-9560.14	-9558.56
39	-9563.73	-9563.73	-9560.14	-9558.84
40	-9564.49	-9564.49	-9564.49	-9564.49
41	-9566.35	-9566.35	-9564.49	-9564.49
42	-9566.35	-9566.35	-9564.49	-9564.49
43	-9566.35	-9566.35	-9564.49	-9564.49
44	-9566.35	-9566.35	-9564.72	-9564.49
45	-9570.47	-9566.35	-9570.47	-9564.49
46	-9570.47	-9566.35	-9570.47	-9564.49
47	-9570.47	-9566.35	-9570.47	-9564.49
48	-9570.47	-9566.35	-9570.47	-9564.49
49	-9570.47	-9566.35	-9570.47	-9564.49
50	-9570.47	-9566.35	-9570.47	-9564.49
51	-9571.39	-9566.35	-9571.39	-9564.49
52	-9571.39	-9566.35	-9571.39	-9564.49
53	-9571.39	-9566.35	-9571.39	-9564.49
54	-9571.39	-9566.35	-9571.39	-9564.77
55	-9571.39	-9566.35	-9571.39	-9565.74
56	-9571.39	-9566.35	-9571.39	-9565.74
57	-9571.39	-9566.35	-9571.39	-9565.74
58	-9571.39	-9566.35	-9571.39	-9565.74
59	-9571.61	-9566.92	-9571.61	-9565.74
60	-9571.61	-9571.61	-9571.61	-9571.61
61	-9571.61	-9571.61	-9571.61	-9571.61
62	-9571.61	-9571.61	-9571.61	-9571.61
63	-9571.61	-9571.61	-9571.61	-9571.61
64	-9571.98	-9571.61	-9571.61	-9571.98
65	-9571.98	-9571.61	-9571.61	-9571.98
66	-9571.98	-9571.61	-9571.61	-9571.98
67	-9572.62	-9572.62	-9571.61	-9571.98
68	-9572.62	-9572.62	-9571.61	-9571.98
69	-9572.62	-9572.62	-9572.34	-9571.98
70	-9572.62	-9572.62	-9572.34	-9571.98
71	-9572.62	-9572.62	-9572.34	-9571.98
72	-9572.62	-9572.62	-9572.34	-9571.98
73	-9572.62	-9572.62	-9572.34	-9571.98
74	-9572.62	-9572.62	-9572.34	-9571.98
75	-9572.62	-9572.62	-9572.34	-9571.98
76	-9572.62	-9572.62	-9572.34	-9571.98
77	-9572.62	-9572.62	-9572.34	-9571.98
78	-9572.62	-9572.62	-9572.34	-9571.98
79	-9572.62	-9572.62	-9572.34	-9571.98
80	-9572.62	-9572.62	-9572.62	-9572.62
81	-9572.62	-9572.62	-9572.62	-9572.62
82	-9572.62	-9572.62	-9572.62	-9572.62
83	-9572.62	-9572.62	-9572.62	-9572.62
84	-9572.62	-9572.62	-9572.62	-9572.62
85	-9572.62	-9572.62	-9572.62	-9572.62
86	-9572.62	-9572.62	-9572.62	-9572.62
87	-9572.84	-9572.62	-9572.84	-9572.62
88	-9572.84	-9572.62	-9572.84	-9572.62
89	-9573.01	-9572.62	-9572.84	-9573.01
90	-9573.01	-9572.62	-9572.84	-9573.01
91	-9573.26	-9572.62	-9572.84	-9573.26
92	-9573.26	-9572.62	-9572.84	-9573.26
93	-9573.26	-9572.62	-9572.84	-9573.26
94	-9573.26	-9572.62	-9572.84	-9573.26
95	-9573.26	-9572.62	-9572.84	-9573.26
96	-9573.26	-9572.62	-9572.84	-9573.26
97	-9573.26	-9572.62	-9572.84	-9573.26
98	-9573.26	-9572.62	-9572.84	-9573.26
99	-9573.26	-9572.62	-9572.84	-9573.26
100	-9573.26	-9573.26	-9573.26	-9573.26
1	-9516.98	-9510.97	-9512.12	-9516.98
2	-9521.15	-9520.62	-9512.12	-9521.15
3	-9546.93	-9546.93	-9512.12	-9522.95
4	-9546.93	-9546.93	-9512.12	-9522.95
5	-9550.1	-9550.1	-9512.12	-9523.42
6	-9553.78	-9553.78	-9512.12	-9523.42
7	-9557.51	-9557.51	-9529.05	-9524.4
8	-9557.51	-9557.51	-9532.16	-9524.4
9	-9557.51	-9557.51	-9534.64	-9528.76
10	-9557.51	-9557.51	-9534.64	-9528.76
11	-9557.51	-9557.51	-9534.64	-9529.44
12	-9560.62	-9560.62	-9550.14	-9529.44
13	-9560.62	-9560.62	-9550.14	-9531.88
14	-9561.8	-9561.8	-9555.34	-9531.88
15	-9561.8	-9561.8	-9555.34	-9531.88
16	-9561.8	-9561.8	-9555.34	-9531.88
17	-9561.8	-9561.8	-9557.91	-9531.88
18	-9561.8	-9561.8	-9557.91	-9531.88
19	-9565.58	-9561.8	-9565.58	-9531.88
20	-9565.58	-9565.58	-9565.58	-9565.58
21	-9569.54	-9569.54	-9569.34	-9565.58
22	-9569.54	-9569.54	-9569.34	-9565.58
23	-9569.54	-9569.54	-9569.42	-9566.31
24	-9570.27	-9569.54	-9570.27	-9566.31
25	-9570.27	-9569.54	-9570.27	-9566.31
26	-9570.43	-9570.43	-9570.27	-9566.31
27	-9570.95	-9570.43	-9570.95	-9566.31
28	-9570.95	-9570.43	-9570.95	-9566.31
29	-9570.95	-9570.43	-9570.95	-9566.31
30	-9570.95	-9570.43	-9570.95	-9566.31
31	-9570.95	-9570.43	-9570.95	-9566.31
32	-9570.95	-9570.43	-9570.95	-9566.31
33	-9570.95	-9570.43	-9570.95	-9566.31
34	-9570.95	-9570.43	-9570.95	-9566.31
35	-9571.21	-9571.21	-9570.95	-9566.31
36	-9571.21	-9571.21	-9570.95	-9566.31
37	-9571.21	-9571.21	-9570.95	-9566.35
38	-9571.21	-9571.21	-9570.95	-9566.35
39	-9571.21	-9571.21	-9570.95	-9566.35
40	-9571.21	-9571.21	-9571.21	-9571.21
41	-9571.21	-9571.21	-9571.21	-9571.21
42	-9571.21	-9571.21	-9571.21	-9571.21
43	-9571.21	-9571.21	-9571.21	-9571.21
44	-9571.21	-9571.21	-9571.21	-9571.21
45	-9571.21	-9571.21	-9571.21	-9571.21
46	-9571.32	-9571.21	-9571.21	-9571.32
47	-9571.32	-9571.21	-9571.21	-9571.32
48	-9571.32	-9571.21	-9571.21	-9571.32
49	-9571.32	-9571.21	-9571.21	-9571.32
50	-9571.32	-9571.21	-9571.21	-9571.32
51	-9571.32	-9571.21	-9571.21	-9571.32
52	-9571.32	-9571.21	-9571.21	-9571.32
53	-9571.32	-9571.23	-9571.21	-9571.32
54	-9571.47	-9571.47	-9571.21	-9571.32
55	-9571.96	-9571.47	-9571.96	-9571.54
56	-9571.96	-9571.47	-9571.96	-9571.54
57	-9571.96	-9571.47	-9571.96	-9571.54
58	-9571.96	-9571.47	-9571.96	-9571.54
59	-9571.96	-9571.47	-9571.96	-9571.54
60	-9571.96	-9571.96	-9571.96	-9571.96
61	-9571.96	-9571.96	-9571.96	-9571.96
62	-9571.96	-9571.96	-9571.96	-9571.96
63	-9571.96	-9571.96	-9571.96	-9571.96
64	-9572.05	-9571.96	-9572.05	-9571.96
65	-9572.05	-9571.96	-9572.05	-9571.96
66	-9572.05	-9571.96	-9572.05	-9571.96
67	-9572.05	-9571.96	-9572.05	-9571.96
68	-9572.05	-9571.96	-9572.05	-9571.96
69	-9572.05	-9571.96	-9572.05	-9571.96
70	-9572.05	-9571.96	-9572.05	-9571.96
71	-9573.13	-9571.96	-9572.05	-9573.13
72	-9573.13	-9571.96	-9572.05	-9573.13
73	-9573.13	-9571.96	-9572.05	-9573.13
74	-9573.13	-9571.96	-9572.05	-9573.13
75	-9573.13	-9571.96	-9572.05	-9573.13
76	-9573.13	-9571.96	-9572.05	-9573.13
77	-9573.13	-9571.96	-9572.05	-9573.13
78	-9573.13	-9571.96	-9572.05	-9573.13
79	-9573.13	-9571.96	-9572.22	-9573.13
80	-9573.13	-9573.13	-9573.13	-9573.13
81	-9573.13	-9573.13	-9573.13	-9573.13
82	-9573.13	-9573.13	-9573.13	-9573.13
83	-9573.13	-9573.13	-9573.13	-9573.13
84	-9573.13	-9573.13	-9573.13	-9573.13
85	-9573.13	-9573.13	-9573.13	-9573.13
86	-9573.13	-9573.13	-9573.13	-9573.13
87	-9573.13	-9573.13	-9573.13	-9573.13
88	-9573.13	-9573.13	-9573.13	-9573.13
89	-9573.13	-9573.13	-9573.13	-9573.13
90	-9573.13	-9573.13	-9573.13	-9573.13
91	-9573.13	-9573.13	-9573.13	-9573.13
92	-9573.13	-9573.13	-9573.13	-9573.13
93	-9573.13	-9573.13	-9573.13	-9573.13
94	-9573.13	-9573.13	-9573.13	-9573.13
95	-9573.13	-9573.13	-9573.13	-9573.13
96	-9573.13	-9573.13	-9573.13	-9573.13
97	-9573.13	-9573.13	-9573.13	-9573.13
98	-9573.13	-9573.13	-9573.13	-9573.13
99	-9573.13	-9573.13	-9573.13	-9573.13
100	-9573.13	-9573.13	-9573.13	-9573.13
1	-9519.14	-9501.57	-9519.14	-9517.35
2	-9519.89	-9510.9	-9519.14	-9519.89
3	-9522.27	-9521.91	-9522.27	-9520.32
4	-9525.97	-9523	-9525.97	-9520.32
5	-9525.97	-9525.12	-9525.97	-9521.21
6	-9526.16	-9525.12	-9526.16	-9521.21
7	-9527.12	-9525.12	-9526.97	-9527.12
8	-9527.99	-9525.21	-9527.99	-9527.12
9	-9527.99	-9525.21	-9527.99	-9527.12
10	-9527.99	-9525.21	-9527.99	-9527.12
11	-9527.99	-9526.13	-9527.99	-9527.12
12	-9531.13	-9526.13	-9528.58	-9531.13
13	-9531.13	-9526.13	-9530.88	-9531.13
14	-9531.13	-9530.32	-9530.88	-9531.13
15	-9531.51	-9530.32	-9531.51	-9531.13
16	-9533.63	-9533.63	-9531.51	-9531.13
17	-9533.63	-9533.63	-9531.51	-9531.13
18	-9537.86	-9534.28	-9537	-9537.86
19	-9537.86	-9534.28	-9537	-9537.86
20	-9538.7	-9538.7	-9538.7	-9538.7
21	-9538.7	-9538.7	-9538.7	-9538.7
22	-9543.61	-9538.7	-9538.7	-9543.61
23	-9555.3	-9538.7	-9555.3	-9543.61
24	-9555.3	-9538.7	-9555.3	-9543.61
25	-9555.3	-9538.7	-9555.3	-9543.61
26	-9555.3	-9538.7	-9555.3	-9543.61
27	-9555.3	-9541.58	-9555.3	-9543.61
28	-9555.3	-9541.58	-9555.3	-9546.41
29	-9555.3	-9542.47	-9555.3	-9546.41
30	-9555.3	-9542.47	-9555.3	-9549.56
31	-9555.3	-9542.47	-9555.3	-9549.56
32	-9555.76	-9542.47	-9555.76	-9549.56
33	-9555.76	-9542.47	-9555.76	-9549.56
34	-9555.76	-9542.47	-9555.76	-9549.56
35	-9555.76	-9544.25	-9555.76	-9549.56
36	-9556.78	-9544.25	-9556.78	-9549.56
37	-9557.16	-9550.62	-9557.16	-9550.41
38	-9561.78	-9550.62	-9561.78	-9555.03
39	-9564.11	-9555.84	-9564.11	-9555.03
40	-9564.11	-9564.11	-9564.11	-9564.11
41	-9569.89	-9564.11	-9564.11	-9569.89
42	-9569.89	-9564.11	-9564.11	-9569.89
43	-9569.89	-9564.11	-9564.11	-9569.89
44	-9569.89	-9564.11	-9564.11	-9569.89
45	-9569.89	-9564.11	-9564.11	-9569.89
46	-9569.89	-9564.11	-9564.11	-9569.89
47	-9569.89	-9564.11	-9564.44	-9569.89
48	-9569.89	-9564.11	-9564.44	-9569.89
49	-9569.89	-9564.11	-9564.44	-9569.89
50	-9569.89	-9564.11	-9564.44	-9569.89
51	-9571.67	-9571.67	-9565.23	-9569.89
52	-9571.67	-9571.67	-9565.23	-9569.89
53	-9571.67	-9571.67	-9565.23	-9569.89
54	-9571.67	-9571.67	-9565.28	-9569.89
55	-9571.67	-9571.67	-9565.28	-9569.89
56	-9571.67	-9571.67	-9565.97	-9569.89
57	-9571.67	-9571.67	-9565.97	-9569.89
58	-9571.67	-9571.67	-9565.97	-9569.89
59	-9571.67	-9571.67	-9571.67	-9569.89
60	-9571.67	-9571.67	-9571.67	-9571.67
61	-9571.67	-9571.67	-9571.67	-9571.67
62	-9571.67	-9571.67	-9571.67	-9571.67
63	-9572.82	-9571.67	-9572.82	-9571.67
64	-9572.82	-9571.67	-9572.82	-9571.67
65	-9572.82	-9571.67	-9572.82	-9571.67
66	-9572.82	-9571.67	-9572.82	-9571.67
67	-9573.11	-9571.67	-9573.11	-9571.67
68	-9573.11	-9571.67	-9573.11	-9571.67
69	-9573.11	-9571.67	-9573.11	-9571.67
70	-9573.11	-9571.67	-9573.11	-9572.23
71	-9573.11	-9571.67	-9573.11	-9572.23
72	-9573.11	-9571.67	-9573.11	-9572.23
73	-9573.11	-9572.88	-9573.11	-9572.23
74	-9573.11	-9572.88	-9573.11	-9572.23
75	-9573.21	-9572.88	-9573.21	-9572.23
76	-9573.21	-9572.88	-9573.21	-9572.23
77	-9573.21	-9572.88	-9573.21	-9572.23
78	-9573.21	-9572.88	-9573.21	-9572.23
79	-9573.21	-9572.88	-9573.21	-9572.23
80	-9573.21	-9573.21	-9573.21	-9573.21
81	-9573.21	-9573.21	-9573.21	-9573.21
82	-9573.3	-9573.21	-9573.3	-9573.21
83	-9573.3	-9573.21	-9573.3	-9573.21
84	-9573.3	-9573.21	-9573.3	-9573.21
85	-9573.3	-9573.21	-9573.3	-9573.21
86	-9573.3	-9573.21	-9573.3	-9573.21
87	-9573.3	-9573.21	-9573.3	-9573.21
88	-9573.3	-9573.21	-9573.3	-9573.21
89	-9573.3	-9573.21	-9573.3	-9573.21
90	-9573.3	-9573.21	-9573.3	-9573.21
91	-9573.3	-9573.21	-9573.3	-9573.21
92	-9573.3	-9573.21	-9573.3	-9573.21
93	-9573.3	-9573.21	-9573.3	-9573.21
94	-9573.3	-9573.21	-9573.3	-9573.21
95	-9573.3	-9573.21	-9573.3	-9573.21
96	-9573.3	-9573.21	-9573.3	-9573.21
97	-9573.3	-9573.21	-9573.3	-9573.21
98	-9573.3	-9573.21	-9573.3	-9573.21
99	-9573.3	-9573.21	-9573.3	-9573.21
100	-9573.3	-9573.3	-9573.3	-9573.3
