1	-5794.32	-5793.53	-5794.32	-5793.57
2	-5798.93	-5798.93	-5796.96	-5798.73
3	-5798.93	-5798.93	-5797.12	-5798.73
4	-5798.93	-5798.93	-5797.12	-5798.73
5	-5800.38	-5800.38	-5797.12	-5798.73
6	-5800.38	-5800.38	-5798.87	-5800.2
7	-5800.74	-5800.38	-5800.74	-5800.24
8	-5802.51	-5800.48	-5802.51	-5800.24
9	-5802.51	-5800.48	-5802.51	-5800.24
10	-5804.87	-5800.48	-5804.87	-5800.24
11	-5804.96	-5800.48	-5804.96	-5800.24
12	-5804.96	-5800.48	-5804.96	-5801.08
13	-5804.96	-5800.48	-5804.96	-5801.08
14	-5804.96	-5800.48	-5804.96	-5801.74
15	-5804.96	-5800.48	-5804.96	-5802.98
16	-5804.96	-5802.23	-5804.96	-5802.98
17	-5804.96	-5802.23	-5804.96	-5802.98
18	-5804.96	-5802.23	-5804.96	-5802.98
19	-5804.96	-5802.23	-5804.96	-5802.98
20	-5804.96	-5804.96	-5804.96	-5804.96
21	-5804.96	-5804.96	-5804.96	-5804.96
22	-5804.96	-5804.96	-5804.96	-5804.96
23	-5804.96	-5804.96	-5804.96	-5804.96
24	-5804.96	-5804.96	-5804.96	-5804.96
25	-5804.96	-5804.96	-5804.96	-5804.96
26	-5804.96	-5804.96	-5804.96	-5804.96
27	-5804.96	-5804.96	-5804.96	-5804.96
28	-5804.96	-5804.96	-5804.96	-5804.96
29	-5804.96	-5804.96	-5804.96	-5804.96
30	-5804.96	-5804.96	-5804.96	-5804.96
31	-5804.96	-5804.96	-5804.96	-5804.96
32	-5804.96	-5804.96	-5804.96	-5804.96
33	-5804.96	-5804.96	-5804.96	-5804.96
34	-5804.96	-5804.96	-5804.96	-5804.96
35	-5804.96	-5804.96	-5804.96	-5804.96
36	-5804.96	-5804.96	-5804.96	-5804.96
37	-5804.96	-5804.96	-5804.96	-5804.96
38	-5804.96	-5804.96	-5804.96	-5804.96
39	-5804.96	-5804.96	-5804.96	-5804.96
40	-5804.96	-5804.96	-5804.96	-5804.96
41	-5804.96	-5804.96	-5804.96	-5804.96
42	-5804.96	-5804.96	-5804.96	-5804.96
43	-5804.96	-5804.96	-5804.96	-5804.96
44	-5804.96	-5804.96	-5804.96	-5804.96
45	-5804.96	-5804.96	-5804.96	-5804.96
46	-5804.96	-5804.96	-5804.96	-5804.96
47	-5804.96	-5804.96	-5804.96	-5804.96
48	-5804.96	-5804.96	-5804.96	-5804.96
49	-5804.96	-5804.96	-5804.96	-5804.96
50	-5804.96	-5804.96	-5804.96	-5804.96
51	-5804.96	-5804.96	-5804.96	-5804.96
52	-5804.96	-5804.96	-5804.96	-5804.96
53	-5804.96	-5804.96	-5804.96	-5804.96
54	-5804.96	-5804.96	-5804.96	-5804.96
55	-5804.96	-5804.96	-5804.96	-5804.96
56	-5804.96	-5804.96	-5804.96	-5804.96
57	-5804.96	-5804.96	-5804.96	-5804.96
58	-5804.96	-5804.96	-5804.96	-5804.96
59	-5804.96	-5804.96	-5804.96	-5804.96
60	-5804.96	-5804.96	-5804.96	-5804.96
61	-5804.96	-5804.96	-5804.96	-5804.96
62	-5804.96	-5804.96	-5804.96	-5804.96
63	-5804.96	-5804.96	-5804.96	-5804.96
64	-5804.96	-5804.96	-5804.96	-5804.96
65	-5804.96	-5804.96	-5804.96	-5804.96
66	-5804.96	-5804.96	-5804.96	-5804.96
67	-5804.96	-5804.96	-5804.96	-5804.96
68	-5804.96	-5804.96	-5804.96	-5804.96
69	-5804.96	-5804.96	-5804.96	-5804.96
70	-5804.96	-5804.96	-5804.96	-5804.96
71	-5804.96	-5804.96	-5804.96	-5804.96
72	-5804.96	-5804.96	-5804.96	-5804.96
73	-5804.96	-5804.96	-5804.96	-5804.96
74	-5804.96	-5804.96	-5804.96	-5804.96
75	-5804.96	-5804.96	-5804.96	-5804.96
76	-5804.96	-5804.96	-5804.96	-5804.96
77	-5804.96	-5804.96	-5804.96	-5804.96
78	-5804.96	-5804.96	-5804.96	-5804.96
79	-5804.96	-5804.96	-5804.96	-5804.96
80	-5804.96	-5804.96	-5804.96	-5804.96
81	-5804.96	-5804.96	-5804.96	-5804.96
82	-5804.96	-5804.96	-5804.96	-5804.96
83	-5804.96	-5804.96	-5804.96	-5804.96
84	-5804.96	-5804.96	-5804.96	-5804.96
85	-5804.96	-5804.96	-5804.96	-5804.96
86	-5804.96	-5804.96	-5804.96	-5804.96
87	-5804.96	-5804.96	-5804.96	-5804.96
88	-5804.96	-5804.96	-5804.96	-5804.96
89	-5804.96	-5804.96	-5804.96	-5804.96
90	-5804.96	-5804.96	-5804.96	-5804.96
91	-5804.96	-5804.96	-5804.96	-5804.96
92	-5804.96	-5804.96	-5804.96	-5804.96
93	-5804.96	-5804.96	-5804.96	-5804.96
94	-5804.96	-5804.96	-5804.96	-5804.96
95	-5804.96	-5804.96	-5804.96	-5804.96
96	-5804.96	-5804.96	-5804.96	-5804.96
97	-5804.96	-5804.96	-5804.96	-5804.96
98	-5804.96	-5804.96	-5804.96	-5804.96
99	-5804.96	-5804.96	-5804.96	-5804.96
100	-5804.96	-5804.96	-5804.96	-5804.96
1	-5799.15	-5798.06	-5797.43	-5799.15
2	-5799.15	-5798.59	-5797.43	-5799.15
3	-5800.77	-5799.6	-5799.2	-5800.77
4	-5800.77	-5799.6	-5799.2	-5800.77
5	-5800.77	-5799.6	-5799.2	-5800.77
6	-5800.77	-5799.6	-5799.2	-5800.77
7	-5800.77	-5799.69	-5799.2	-5800.77
8	-5800.77	-5799.69	-5799.2	-5800.77
9	-5800.77	-5799.97	-5800.11	-5800.77
10	-5802.05	-5799.97	-5800.3	-5802.05
11	-5802.05	-5799.97	-5800.3	-5802.05
12	-5802.05	-5801.27	-5801.47	-5802.05
13	-5802.05	-5801.27	-5801.47	-5802.05
14	-5802.05	-5801.27	-5801.47	-5802.05
15	-5803.68	-5801.27	-5801.96	-5803.68
16	-5803.68	-5801.27	-5801.96	-5803.68
17	-5803.68	-5801.27	-5801.96	-5803.68
18	-5803.68	-5801.27	-5801.96	-5803.68
19	-5803.68	-5801.27	-5801.96	-5803.68
20	-5803.68	-5803.68	-5803.68	-5803.68
21	-5803.68	-5803.68	-5803.68	-5803.68
22	-5803.68	-5803.68	-5803.68	-5803.68
23	-5804.87	-5803.68	-5804.87	-5803.68
24	-5804.87	-5803.68	-5804.87	-5803.68
25	-5804.87	-5803.68	-5804.87	-5803.68
26	-5804.87	-5803.68	-5804.87	-5803.68
27	-5804.87	-5804.13	-5804.87	-5803.68
28	-5804.87	-5804.13	-5804.87	-5803.68
29	-5804.87	-5804.13	-5804.87	-5803.68
30	-5804.87	-5804.13	-5804.87	-5803.68
31	-5804.87	-5804.13	-5804.87	-5803.68
32	-5804.87	-5804.13	-5804.87	-5803.68
33	-5804.87	-5804.13	-5804.87	-5803.68
34	-5804.87	-5804.13	-5804.87	-5803.68
35	-5804.87	-5804.13	-5804.87	-5803.68
36	-5804.96	-5804.96	-5804.87	-5803.68
37	-5804.96	-5804.96	-5804.87	-5803.68
38	-5804.96	-5804.96	-5804.87	-5803.68
39	-5804.96	-5804.96	-5804.87	-5803.68
40	-5804.96	-5804.96	-5804.96	-5804.96
41	-5804.96	-5804.96	-5804.96	-5804.96
42	-5804.96	-5804.96	-5804.96	-5804.96
43	-5804.96	-5804.96	-5804.96	-5804.96
44	-5804.96	-5804.96	-5804.96	-5804.96
45	-5804.96	-5804.96	-5804.96	-5804.96
46	-5804.96	-5804.96	-5804.96	-5804.96
47	-5804.96	-5804.96	-5804.96	-5804.96
48	-5804.96	-5804.96	-5804.96	-5804.96
49	-5804.96	-5804.96	-5804.96	-5804.96
50	-5804.96	-5804.96	-5804.96	-5804.96
51	-5804.96	-5804.96	-5804.96	-5804.96
52	-5804.96	-5804.96	-5804.96	-5804.96
53	-5804.96	-5804.96	-5804.96	-5804.96
54	-5804.96	-5804.96	-5804.96	-5804.96
55	-5804.96	-5804.96	-5804.96	-5804.96
56	-5804.96	-5804.96	-5804.96	-5804.96
57	-5804.96	-5804.96	-5804.96	-5804.96
58	-5804.96	-5804.96	-5804.96	-5804.96
59	-5804.96	-5804.96	-5804.96	-5804.96
60	-5804.96	-5804.96	-5804.96	-5804.96
61	-5804.96	-5804.96	-5804.96	-5804.96
62	-5804.96	-5804.96	-5804.96	-5804.96
63	-5804.96	-5804.96	-5804.96	-5804.96
64	-5804.96	-5804.96	-5804.96	-5804.96
65	-5804.96	-5804.96	-5804.96	-5804.96
66	-5804.96	-5804.96	-5804.96	-5804.96
67	-5804.96	-5804.96	-5804.96	-5804.96
68	-5804.96	-5804.96	-5804.96	-5804.96
69	-5804.96	-5804.96	-5804.96	-5804.96
70	-5804.96	-5804.96	-5804.96	-5804.96
71	-5804.96	-5804.96	-5804.96	-5804.96
72	-5804.96	-5804.96	-5804.96	-5804.96
73	-5804.96	-5804.96	-5804.96	-5804.96
74	-5804.96	-5804.96	-5804.96	-5804.96
75	-5804.96	-5804.96	-5804.96	-5804.96
76	-5804.96	-5804.96	-5804.96	-5804.96
77	-5804.96	-5804.96	-5804.96	-5804.96
78	-5804.96	-5804.96	-5804.96	-5804.96
79	-5804.96	-5804.96	-5804.96	-5804.96
80	-5804.96	-5804.96	-5804.96	-5804.96
81	-5804.96	-5804.96	-5804.96	-5804.96
82	-5804.96	-5804.96	-5804.96	-5804.96
83	-5804.96	-5804.96	-5804.96	-5804.96
84	-5804.96	-5804.96	-5804.96	-5804.96
85	-5804.96	-5804.96	-5804.96	-5804.96
86	-5804.96	-5804.96	-5804.96	-5804.96
87	-5804.96	-5804.96	-5804.96	-5804.96
88	-5804.96	-5804.96	-5804.96	-5804.96
89	-5804.96	-5804.96	-5804.96	-5804.96
90	-5804.96	-5804.96	-5804.96	-5804.96
91	-5804.96	-5804.96	-5804.96	-5804.96
92	-5804.96	-5804.96	-5804.96	-5804.96
93	-5804.96	-5804.96	-5804.96	-5804.96
94	-5804.96	-5804.96	-5804.96	-5804.96
95	-5804.96	-5804.96	-5804.96	-5804.96
96	-5804.96	-5804.96	-5804.96	-5804.96
97	-5804.96	-5804.96	-5804.96	-5804.96
98	-5804.96	-5804.96	-5804.96	-5804.96
99	-5804.96	-5804.96	-5804.96	-5804.96
100	-5804.96	-5804.96	-5804.96	-5804.96
1	-5795.26	-5790.87	-5795.26	-5789.16
2	-5798.91	-5798.91	-5797.58	-5794.27
3	-5800.02	-5798.91	-5800.02	-5796.22
4	-5800.24	-5798.91	-5800.24	-5797.88
5	-5800.24	-5800.04	-5800.24	-5797.88
6	-5800.24	-5800.04	-5800.24	-5797.88
7	-5800.24	-5800.04	-5800.24	-5797.88
8	-5800.24	-5800.04	-5800.24	-5799.01
9	-5800.24	-5800.04	-5800.24	-5799.01
10	-5800.68	-5800.32	-5800.62	-5800.68
11	-5800.68	-5800.32	-5800.62	-5800.68
12	-5801.12	-5801.12	-5801.05	-5800.68
13	-5801.12	-5801.12	-5801.05	-5800.68
14	-5801.12	-5801.12	-5801.05	-5800.98
15	-5802.13	-5801.12	-5802.13	-5800.98
16	-5802.13	-5801.12	-5802.13	-5800.98
17	-5802.5	-5801.12	-5802.5	-5800.98
18	-5802.5	-5801.12	-5802.5	-5800.98
19	-5802.5	-5801.12	-5802.5	-5800.98
20	-5802.67	-5802.67	-5802.67	-5802.67
21	-5802.67	-5802.67	-5802.67	-5802.67
22	-5802.67	-5802.67	-5802.67	-5802.67
23	-5802.67	-5802.67	-5802.67	-5802.67
24	-5802.67	-5802.67	-5802.67	-5802.67
25	-5802.67	-5802.67	-5802.67	-5802.67
26	-5802.67	-5802.67	-5802.67	-5802.67
27	-5802.9	-5802.67	-5802.9	-5802.67
28	-5802.9	-5802.67	-5802.9	-5802.67
29	-5802.9	-5802.67	-5802.9	-5802.67
30	-5802.9	-5802.67	-5802.9	-5802.67
31	-5802.98	-5802.67	-5802.98	-5802.67
32	-5802.98	-5802.67	-5802.98	-5802.67
33	-5802.98	-5802.67	-5802.98	-5802.67
34	-5802.98	-5802.67	-5802.98	-5802.67
35	-5802.98	-5802.67	-5802.98	-5802.67
36	-5802.98	-5802.67	-5802.98	-5802.67
37	-5802.98	-5802.67	-5802.98	-5802.67
38	-5802.98	-5802.67	-5802.98	-5802.67
39	-5802.98	-5802.67	-5802.98	-5802.67
40	-5802.98	-5802.98	-5802.98	-5802.98
41	-5802.98	-5802.98	-5802.98	-5802.98
42	-5802.98	-5802.98	-5802.98	-5802.98
43	-5802.98	-5802.98	-5802.98	-5802.98
44	-5802.98	-5802.98	-5802.98	-5802.98
45	-5802.98	-5802.98	-5802.98	-5802.98
46	-5802.98	-5802.98	-5802.98	-5802.98
47	-5802.98	-5802.98	-5802.98	-5802.98
48	-5802.98	-5802.98	-5802.98	-5802.98
49	-5802.98	-5802.98	-5802.98	-5802.98
50	-5802.98	-5802.98	-5802.98	-5802.98
51	-5802.98	-5802.98	-5802.98	-5802.98
52	-5802.98	-5802.98	-5802.98	-5802.98
53	-5802.98	-5802.98	-5802.98	-5802.98
54	-5802.98	-5802.98	-5802.98	-5802.98
55	-5802.98	-5802.98	-5802.98	-5802.98
56	-5802.98	-5802.98	-5802.98	-5802.98
57	-5802.98	-5802.98	-5802.98	-5802.98
58	-5802.98	-5802.98	-5802.98	-5802.98
59	-5802.98	-5802.98	-5802.98	-5802.98
60	-5802.98	-5802.98	-5802.98	-5802.98
61	-5802.98	-5802.98	-5802.98	-5802.98
62	-5804.13	-5804.13	-5802.98	-5802.98
63	-5804.13	-5804.13	-5802.98	-5802.98
64	-5804.13	-5804.13	-5802.98	-5802.98
65	-5804.13	-5804.13	-5802.98	-5802.98
66	-5804.13	-5804.13	-5802.98	-5802.98
67	-5804.13	-5804.13	-5802.98	-5802.98
68	-5804.13	-5804.13	-5802.98	-5802.98
69	-5804.13	-5804.13	-5802.98	-5802.98
70	-5804.13	-5804.13	-5802.98	-5802.98
71	-5804.13	-5804.13	-5802.98	-5802.98
72	-5804.13	-5804.13	-5802.98	-5802.98
73	-5804.13	-5804.13	-5802.98	-5802.98
74	-5804.13	-5804.13	-5802.98	-5802.98
75	-5804.13	-5804.13	-5802.98	-5802.98
76	-5804.13	-5804.13	-5802.98	-5802.98
77	-5804.13	-5804.13	-5802.98	-5802.98
78	-5804.13	-5804.13	-5802.98	-5802.98
79	-5804.13	-5804.13	-5802.98	-5802.98
80	-5804.96	-5804.96	-5804.96	-5804.96
81	-5804.96	-5804.96	-5804.96	-5804.96
82	-5804.96	-5804.96	-5804.96	-5804.96
83	-5804.96	-5804.96	-5804.96	-5804.96
84	-5804.96	-5804.96	-5804.96	-5804.96
85	-5804.96	-5804.96	-5804.96	-5804.96
86	-5804.96	-5804.96	-5804.96	-5804.96
87	-5804.96	-5804.96	-5804.96	-5804.96
88	-5804.96	-5804.96	-5804.96	-5804.96
89	-5804.96	-5804.96	-5804.96	-5804.96
90	-5804.96	-5804.96	-5804.96	-5804.96
91	-5804.96	-5804.96	-5804.96	-5804.96
92	-5804.96	-5804.96	-5804.96	-5804.96
93	-5804.96	-5804.96	-5804.96	-5804.96
94	-5804.96	-5804.96	-5804.96	-5804.96
95	-5804.96	-5804.96	-5804.96	-5804.96
96	-5804.96	-5804.96	-5804.96	-5804.96
97	-5804.96	-5804.96	-5804.96	-5804.96
98	-5804.96	-5804.96	-5804.96	-5804.96
99	-5804.96	-5804.96	-5804.96	-5804.96
100	-5804.96	-5804.96	-5804.96	-5804.96
