1	-5736.61	-5735.03	-5734.93	-5736.61
2	-5737.28	-5735.43	-5737.28	-5736.61
3	-5737.28	-5735.87	-5737.28	-5736.61
4	-5737.53	-5735.87	-5737.28	-5737.53
5	-5737.53	-5736.3	-5737.28	-5737.53
6	-5737.53	-5736.3	-5737.28	-5737.53
7	-5737.93	-5737.93	-5737.28	-5737.53
8	-5738.55	-5738.55	-5737.28	-5738.07
9	-5740.38	-5740.38	-5739.33	-5738.3
10	-5740.38	-5740.38	-5739.33	-5738.3
11	-5740.38	-5740.38	-5739.33	-5739.38
12	-5740.38	-5740.38	-5739.33	-5739.38
13	-5740.38	-5740.38	-5739.53	-5739.38
14	-5740.38	-5740.38	-5739.53	-5739.38
15	-5740.38	-5740.38	-5739.53	-5739.38
16	-5740.38	-5740.38	-5739.53	-5740.11
17	-5741.15	-5740.38	-5741.15	-5740.11
18	-5741.15	-5740.85	-5741.15	-5740.11
19	-5741.79	-5740.85	-5741.79	-5740.11
20	-5741.79	-5741.79	-5741.79	-5741.79
21	-5741.79	-5741.79	-5741.79	-5741.79
22	-5741.79	-5741.79	-5741.79	-5741.79
23	-5742.42	-5742.42	-5741.79	-5741.79
24	-5743.14	-5742.42	-5741.79	-5743.14
25	-5743.14	-5742.42	-5741.79	-5743.14
26	-5743.14	-5742.42	-5741.79	-5743.14
27	-5743.14	-5742.42	-5741.79	-5743.14
28	-5743.14	-5742.42	-5741.79	-5743.14
29	-5743.14	-5742.42	-5741.79	-5743.14
30	-5743.14	-5742.42	-5741.79	-5743.14
31	-5743.45	-5742.42	-5743.45	-5743.14
32	-5743.45	-5742.42	-5743.45	-5743.14
33	-5743.45	-5742.42	-5743.45	-5743.14
34	-5743.45	-5742.42	-5743.45	-5743.14
35	-5743.45	-5742.42	-5743.45	-5743.14
36	-5743.45	-5742.42	-5743.45	-5743.14
37	-5743.45	-5742.42	-5743.45	-5743.14
38	-5743.45	-5742.42	-5743.45	-5743.14
39	-5743.45	-5742.42	-5743.45	-5743.14
40	-5743.45	-5743.45	-5743.45	-5743.45
41	-5743.45	-5743.45	-5743.45	-5743.45
42	-5743.45	-5743.45	-5743.45	-5743.45
43	-5743.45	-5743.45	-5743.45	-5743.45
44	-5743.79	-5743.45	-5743.45	-5743.79
45	-5743.79	-5743.45	-5743.45	-5743.79
46	-5743.79	-5743.45	-5743.45	-5743.79
47	-5743.79	-5743.45	-5743.45	-5743.79
48	-5743.79	-5743.45	-5743.45	-5743.79
49	-5743.79	-5743.45	-5743.45	-5743.79
50	-5743.79	-5743.45	-5743.65	-5743.79
51	-5743.79	-5743.45	-5743.65	-5743.79
52	-5743.79	-5743.45	-5743.65	-5743.79
53	-5743.79	-5743.45	-5743.65	-5743.79
54	-5743.79	-5743.45	-5743.65	-5743.79
55	-5743.79	-5743.45	-5743.65	-5743.79
56	-5743.79	-5743.45	-5743.65	-5743.79
57	-5743.79	-5743.45	-5743.65	-5743.79
58	-5743.79	-5743.45	-5743.65	-5743.79
59	-5743.79	-5743.45	-5743.65	-5743.79
60	-5743.79	-5743.79	-5743.79	-5743.79
61	-5743.79	-5743.79	-5743.79	-5743.79
62	-5743.79	-5743.79	-5743.79	-5743.79
63	-5743.79	-5743.79	-5743.79	-5743.79
64	-5743.79	-5743.79	-5743.79	-5743.79
65	-5743.79	-5743.79	-5743.79	-5743.79
66	-5743.79	-5743.79	-5743.79	-5743.79
67	-5743.79	-5743.79	-5743.79	-5743.79
68	-5743.79	-5743.79	-5743.79	-5743.79
69	-5743.79	-5743.79	-5743.79	-5743.79
70	-5743.79	-5743.79	-5743.79	-5743.79
71	-5743.79	-5743.79	-5743.79	-5743.79
72	-5743.79	-5743.79	-5743.79	-5743.79
73	-5743.79	-5743.79	-5743.79	-5743.79
74	-5743.79	-5743.79	-5743.79	-5743.79
75	-5743.79	-5743.79	-5743.79	-5743.79
76	-5743.79	-5743.79	-5743.79	-5743.79
77	-5743.79	-5743.79	-5743.79	-5743.79
78	-5743.79	-5743.79	-5743.79	-5743.79
79	-5743.79	-5743.79	-5743.79	-5743.79
80	-5743.79	-5743.79	-5743.79	-5743.79
81	-5743.79	-5743.79	-5743.79	-5743.79
82	-5743.79	-5743.79	-5743.79	-5743.79
83	-5743.79	-5743.79	-5743.79	-5743.79
84	-5743.79	-5743.79	-5743.79	-5743.79
85	-5743.79	-5743.79	-5743.79	-5743.79
86	-5743.79	-5743.79	-5743.79	-5743.79
87	-5743.79	-5743.79	-5743.79	-5743.79
88	-5743.79	-5743.79	-5743.79	-5743.79
89	-5743.79	-5743.79	-5743.79	-5743.79
90	-5743.79	-5743.79	-5743.79	-5743.79
91	-5743.79	-5743.79	-5743.79	-5743.79
92	-5743.79	-5743.79	-5743.79	-5743.79
93	-5743.79	-5743.79	-5743.79	-5743.79
94	-5743.79	-5743.79	-5743.79	-5743.79
95	-5743.79	-5743.79	-5743.79	-5743.79
96	-5743.79	-5743.79	-5743.79	-5743.79
97	-5743.79	-5743.79	-5743.79	-5743.79
98	-5743.79	-5743.79	-5743.79	-5743.79
99	-5743.79	-5743.79	-5743.79	-5743.79
100	-5743.79	-5743.79	-5743.79	-5743.79
1	-5732.7	-5732.7	-5731.1	-5731.38
2	-5737.29	-5735.65	-5737.29	-5731.38
3	-5740.58	-5735.65	-5740.58	-5732.18
4	-5740.58	-5735.65	-5740.58	-5737.15
5	-5740.58	-5735.65	-5740.58	-5737.15
6	-5740.58	-5737.9	-5740.58	-5738.06
7	-5741.29	-5741.29	-5740.58	-5738.06
8	-5741.29	-5741.29	-5740.58	-5739.21
9	-5741.29	-5741.29	-5740.58	-5739.21
10	-5741.29	-5741.29	-5740.58	-5739.21
11	-5741.29	-5741.29	-5740.58	-5739.21
12	-5741.29	-5741.29	-5740.58	-5739.21
13	-5741.29	-5741.29	-5740.58	-5739.83
14	-5741.55	-5741.29	-5741.55	-5739.83
15	-5741.55	-5741.29	-5741.55	-5739.83
16	-5741.55	-5741.29	-5741.55	-5739.83
17	-5741.55	-5741.29	-5741.55	-5739.83
18	-5741.55	-5741.29	-5741.55	-5739.83
19	-5741.55	-5741.29	-5741.55	-5739.83
20	-5741.55	-5741.55	-5741.55	-5741.55
21	-5743.21	-5741.55	-5741.55	-5743.21
22	-5743.21	-5741.55	-5741.55	-5743.21
23	-5743.21	-5741.55	-5741.55	-5743.21
24	-5743.21	-5741.55	-5741.55	-5743.21
25	-5743.21	-5741.81	-5741.55	-5743.21
26	-5743.21	-5741.81	-5743.02	-5743.21
27	-5743.21	-5741.81	-5743.02	-5743.21
28	-5743.21	-5741.81	-5743.02	-5743.21
29	-5743.21	-5741.81	-5743.02	-5743.21
30	-5743.21	-5741.81	-5743.02	-5743.21
31	-5743.21	-5741.81	-5743.02	-5743.21
32	-5743.21	-5741.81	-5743.02	-5743.21
33	-5743.21	-5741.81	-5743.02	-5743.21
34	-5743.21	-5741.81	-5743.02	-5743.21
35	-5743.21	-5741.81	-5743.08	-5743.21
36	-5743.45	-5741.81	-5743.45	-5743.21
37	-5743.45	-5741.81	-5743.45	-5743.21
38	-5743.45	-5741.81	-5743.45	-5743.21
39	-5743.45	-5741.81	-5743.45	-5743.21
40	-5743.45	-5743.45	-5743.45	-5743.45
41	-5743.65	-5743.45	-5743.45	-5743.65
42	-5743.79	-5743.45	-5743.79	-5743.65
43	-5743.79	-5743.45	-5743.79	-5743.65
44	-5743.79	-5743.45	-5743.79	-5743.65
45	-5743.79	-5743.45	-5743.79	-5743.65
46	-5743.79	-5743.45	-5743.79	-5743.65
47	-5743.79	-5743.45	-5743.79	-5743.65
48	-5743.79	-5743.45	-5743.79	-5743.65
49	-5743.79	-5743.45	-5743.79	-5743.65
50	-5743.79	-5743.45	-5743.79	-5743.65
51	-5743.79	-5743.45	-5743.79	-5743.65
52	-5743.79	-5743.45	-5743.79	-5743.65
53	-5743.79	-5743.45	-5743.79	-5743.65
54	-5743.79	-5743.45	-5743.79	-5743.79
55	-5743.79	-5743.45	-5743.79	-5743.79
56	-5743.79	-5743.45	-5743.79	-5743.79
57	-5743.79	-5743.45	-5743.79	-5743.79
58	-5743.79	-5743.45	-5743.79	-5743.79
59	-5743.79	-5743.45	-5743.79	-5743.79
60	-5743.79	-5743.79	-5743.79	-5743.79
61	-5743.79	-5743.79	-5743.79	-5743.79
62	-5743.79	-5743.79	-5743.79	-5743.79
63	-5743.79	-5743.79	-5743.79	-5743.79
64	-5743.79	-5743.79	-5743.79	-5743.79
65	-5743.79	-5743.79	-5743.79	-5743.79
66	-5743.79	-5743.79	-5743.79	-5743.79
67	-5743.79	-5743.79	-5743.79	-5743.79
68	-5743.79	-5743.79	-5743.79	-5743.79
69	-5743.79	-5743.79	-5743.79	-5743.79
70	-5743.79	-5743.79	-5743.79	-5743.79
71	-5743.79	-5743.79	-5743.79	-5743.79
72	-5743.79	-5743.79	-5743.79	-5743.79
73	-5743.79	-5743.79	-5743.79	-5743.79
74	-5743.79	-5743.79	-5743.79	-5743.79
75	-5743.79	-5743.79	-5743.79	-5743.79
76	-5743.79	-5743.79	-5743.79	-5743.79
77	-5743.79	-5743.79	-5743.79	-5743.79
78	-5743.79	-5743.79	-5743.79	-5743.79
79	-5743.79	-5743.79	-5743.79	-5743.79
80	-5743.79	-5743.79	-5743.79	-5743.79
81	-5743.79	-5743.79	-5743.79	-5743.79
82	-5743.79	-5743.79	-5743.79	-5743.79
83	-5743.79	-5743.79	-5743.79	-5743.79
84	-5743.79	-5743.79	-5743.79	-5743.79
85	-5743.79	-5743.79	-5743.79	-5743.79
86	-5743.79	-5743.79	-5743.79	-5743.79
87	-5743.79	-5743.79	-5743.79	-5743.79
88	-5743.79	-5743.79	-5743.79	-5743.79
89	-5743.79	-5743.79	-5743.79	-5743.79
90	-5743.79	-5743.79	-5743.79	-5743.79
91	-5743.79	-5743.79	-5743.79	-5743.79
92	-5743.79	-5743.79	-5743.79	-5743.79
93	-5743.79	-5743.79	-5743.79	-5743.79
94	-5743.79	-5743.79	-5743.79	-5743.79
95	-5743.79	-5743.79	-5743.79	-5743.79
96	-5743.79	-5743.79	-5743.79	-5743.79
97	-5743.79	-5743.79	-5743.79	-5743.79
98	-5743.79	-5743.79	-5743.79	-5743.79
99	-5743.79	-5743.79	-5743.79	-5743.79
100	-5743.79	-5743.79	-5743.79	-5743.79
1	-5737.09	-5735.13	-5737.09	-5730.17
2	-5738.5	-5736.34	-5738.5	-5734.53
3	-5738.63	-5738.63	-5738.5	-5734.62
4	-5738.63	-5738.63	-5738.5	-5735.94
5	-5740.13	-5738.63	-5740.13	-5736.92
6	-5740.13	-5739.29	-5740.13	-5737.96
7	-5740.13	-5739.29	-5740.13	-5737.96
8	-5740.5	-5740.5	-5740.13	-5737.96
9	-5741.41	-5741.41	-5740.13	-5737.96
10	-5741.41	-5741.41	-5741.04	-5737.96
11	-5741.41	-5741.41	-5741.04	-5737.96
12	-5741.41	-5741.41	-5741.04	-5737.96
13	-5741.41	-5741.41	-5741.04	-5737.96
14	-5741.41	-5741.41	-5741.04	-5740.56
15	-5741.79	-5741.41	-5741.79	-5740.56
16	-5741.79	-5741.41	-5741.79	-5740.56
17	-5741.79	-5741.41	-5741.79	-5740.56
18	-5741.79	-5741.41	-5741.79	-5740.56
19	-5741.79	-5741.41	-5741.79	-5740.56
20	-5741.79	-5741.79	-5741.79	-5741.79
21	-5741.79	-5741.79	-5741.79	-5741.79
22	-5743.45	-5743.45	-5741.79	-5741.79
23	-5743.45	-5743.45	-5741.79	-5741.79
24	-5743.45	-5743.45	-5741.79	-5741.79
25	-5743.45	-5743.45	-5741.79	-5741.79
26	-5743.45	-5743.45	-5741.79	-5741.79
27	-5743.45	-5743.45	-5742.42	-5741.79
28	-5743.45	-5743.45	-5742.42	-5741.79
29	-5743.45	-5743.45	-5743.08	-5741.79
30	-5743.45	-5743.45	-5743.08	-5742.98
31	-5743.45	-5743.45	-5743.08	-5742.98
32	-5743.45	-5743.45	-5743.08	-5742.98
33	-5743.45	-5743.45	-5743.08	-5742.98
34	-5743.45	-5743.45	-5743.08	-5742.98
35	-5743.45	-5743.45	-5743.08	-5742.98
36	-5743.45	-5743.45	-5743.08	-5742.98
37	-5743.79	-5743.45	-5743.08	-5743.79
38	-5743.79	-5743.45	-5743.45	-5743.79
39	-5743.79	-5743.45	-5743.45	-5743.79
40	-5743.79	-5743.79	-5743.79	-5743.79
41	-5743.79	-5743.79	-5743.79	-5743.79
42	-5743.79	-5743.79	-5743.79	-5743.79
43	-5743.79	-5743.79	-5743.79	-5743.79
44	-5743.79	-5743.79	-5743.79	-5743.79
45	-5743.79	-5743.79	-5743.79	-5743.79
46	-5743.79	-5743.79	-5743.79	-5743.79
47	-5743.79	-5743.79	-5743.79	-5743.79
48	-5743.79	-5743.79	-5743.79	-5743.79
49	-5743.79	-5743.79	-5743.79	-5743.79
50	-5743.79	-5743.79	-5743.79	-5743.79
51	-5743.79	-5743.79	-5743.79	-5743.79
52	-5743.79	-5743.79	-5743.79	-5743.79
53	-5743.79	-5743.79	-5743.79	-5743.79
54	-5743.79	-5743.79	-5743.79	-5743.79
55	-5743.79	-5743.79	-5743.79	-5743.79
56	-5743.79	-5743.79	-5743.79	-5743.79
57	-5743.79	-5743.79	-5743.79	-5743.79
58	-5743.79	-5743.79	-5743.79	-5743.79
59	-5743.79	-5743.79	-5743.79	-5743.79
60	-5743.79	-5743.79	-5743.79	-5743.79
61	-5743.79	-5743.79	-5743.79	-5743.79
62	-5743.79	-5743.79	-5743.79	-5743.79
63	-5743.79	-5743.79	-5743.79	-5743.79
64	-5743.79	-5743.79	-5743.79	-5743.79
65	-5743.79	-5743.79	-5743.79	-5743.79
66	-5743.79	-5743.79	-5743.79	-5743.79
67	-5743.79	-5743.79	-5743.79	-5743.79
68	-5743.79	-5743.79	-5743.79	-5743.79
69	-5743.79	-5743.79	-5743.79	-5743.79
70	-5743.79	-5743.79	-5743.79	-5743.79
71	-5743.79	-5743.79	-5743.79	-5743.79
72	-5743.79	-5743.79	-5743.79	-5743.79
73	-5743.79	-5743.79	-5743.79	-5743.79
74	-5743.79	-5743.79	-5743.79	-5743.79
75	-5743.79	-5743.79	-5743.79	-5743.79
76	-5743.79	-5743.79	-5743.79	-5743.79
77	-5743.79	-5743.79	-5743.79	-5743.79
78	-5743.79	-5743.79	-5743.79	-5743.79
79	-5743.79	-5743.79	-5743.79	-5743.79
80	-5743.79	-5743.79	-5743.79	-5743.79
81	-5743.79	-5743.79	-5743.79	-5743.79
82	-5743.79	-5743.79	-5743.79	-5743.79
83	-5743.79	-5743.79	-5743.79	-5743.79
84	-5743.79	-5743.79	-5743.79	-5743.79
85	-5743.79	-5743.79	-5743.79	-5743.79
86	-5743.79	-5743.79	-5743.79	-5743.79
87	-5743.79	-5743.79	-5743.79	-5743.79
88	-5743.79	-5743.79	-5743.79	-5743.79
89	-5743.79	-5743.79	-5743.79	-5743.79
90	-5743.79	-5743.79	-5743.79	-5743.79
91	-5743.79	-5743.79	-5743.79	-5743.79
92	-5743.79	-5743.79	-5743.79	-5743.79
93	-5743.79	-5743.79	-5743.79	-5743.79
94	-5743.79	-5743.79	-5743.79	-5743.79
95	-5743.79	-5743.79	-5743.79	-5743.79
96	-5743.79	-5743.79	-5743.79	-5743.79
97	-5743.79	-5743.79	-5743.79	-5743.79
98	-5743.79	-5743.79	-5743.79	-5743.79
99	-5743.79	-5743.79	-5743.79	-5743.79
100	-5743.79	-5743.79	-5743.79	-5743.79
