1	-9496.08	-9496.08	-9488.18	-9481.89
2	-9496.08	-9496.08	-9494.46	-9481.89
3	-9501.75	-9501.75	-9494.46	-9481.89
4	-9501.75	-9501.75	-9494.46	-9484.97
5	-9501.75	-9501.75	-9495.73	-9484.97
6	-9501.75	-9501.75	-9495.73	-9484.97
7	-9501.75	-9501.75	-9495.73	-9484.97
8	-9501.75	-9501.75	-9495.73	-9484.97
9	-9506.21	-9506.21	-9495.73	-9495.59
10	-9506.21	-9506.21	-9495.73	-9496.29
11	-9506.21	-9506.21	-9495.97	-9496.29
12	-9506.21	-9506.21	-9495.97	-9496.29
13	-9506.21	-9506.21	-9495.97	-9496.29
14	-9506.21	-9506.21	-9495.97	-9496.29
15	-9510.78	-9506.21	-9510.78	-9496.29
16	-9510.78	-9506.21	-9510.78	-9496.29
17	-9510.78	-9506.21	-9510.78	-9498.46
18	-9514.05	-9506.21	-9514.05	-9498.46
19	-9514.05	-9506.21	-9514.05	-9499.13
20	-9519.6	-9519.6	-9519.6	-9519.6
21	-9521.27	-9521.27	-9519.6	-9519.6
22	-9521.27	-9521.27	-9519.6	-9519.6
23	-9527.89	-9521.83	-9527.89	-9519.6
24	-9527.89	-9527.02	-9527.89	-9519.6
25	-9528.25	-9528.25	-9527.89	-9519.6
26	-9528.25	-9528.25	-9527.89	-9519.6
27	-9528.25	-9528.25	-9528.24	-9519.6
28	-9528.25	-9528.25	-9528.24	-9521.47
29	-9528.25	-9528.25	-9528.24	-9521.47
30	-9528.25	-9528.25	-9528.24	-9521.47
31	-9528.25	-9528.25	-9528.24	-9521.47
32	-9531.57	-9531.57	-9528.24	-9521.47
33	-9537.46	-9537.46	-9528.24	-9524.86
34	-9537.46	-9537.46	-9528.24	-9525.62
35	-9537.46	-9537.46	-9528.24	-9525.62
36	-9537.46	-9537.46	-9528.24	-9525.62
37	-9539.52	-9539.52	-9528.24	-9525.62
38	-9539.52	-9539.52	-9535.98	-9525.62
39	-9539.52	-9539.52	-9535.98	-9525.62
40	-9540.44	-9540.44	-9540.44	-9540.44
41	-9541.09	-9541.09	-9540.44	-9540.45
42	-9541.09	-9541.09	-9540.44	-9540.45
43	-9541.09	-9541.09	-9540.44	-9540.45
44	-9541.09	-9541.09	-9540.44	-9540.45
45	-9541.09	-9541.09	-9540.44	-9540.45
46	-9541.09	-9541.09	-9540.44	-9540.45
47	-9541.09	-9541.09	-9541.03	-9540.45
48	-9541.09	-9541.09	-9541.03	-9540.45
49	-9541.09	-9541.09	-9541.03	-9540.76
50	-9541.21	-9541.21	-9541.03	-9540.76
51	-9541.21	-9541.21	-9541.03	-9540.76
52	-9541.21	-9541.21	-9541.03	-9540.76
53	-9541.21	-9541.21	-9541.03	-9540.76
54	-9541.21	-9541.21	-9541.03	-9540.76
55	-9541.21	-9541.21	-9541.03	-9540.76
56	-9541.21	-9541.21	-9541.2	-9540.76
57	-9541.21	-9541.21	-9541.2	-9540.76
58	-9541.21	-9541.21	-9541.2	-9540.76
59	-9541.21	-9541.21	-9541.2	-9540.76
60	-9541.21	-9541.21	-9541.21	-9541.21
61	-9541.44	-9541.23	-9541.44	-9541.21
62	-9541.44	-9541.23	-9541.44	-9541.21
63	-9541.44	-9541.23	-9541.44	-9541.21
64	-9541.44	-9541.23	-9541.44	-9541.38
65	-9541.44	-9541.23	-9541.44	-9541.38
66	-9541.44	-9541.23	-9541.44	-9541.38
67	-9541.44	-9541.23	-9541.44	-9541.38
68	-9541.6	-9541.23	-9541.44	-9541.6
69	-9541.6	-9541.23	-9541.44	-9541.6
70	-9541.6	-9541.23	-9541.44	-9541.6
71	-9541.6	-9541.23	-9541.44	-9541.6
72	-9541.6	-9541.23	-9541.44	-9541.6
73	-9541.6	-9541.23	-9541.44	-9541.6
74	-9541.6	-9541.23	-9541.44	-9541.6
75	-9541.6	-9541.23	-9541.44	-9541.6
76	-9541.6	-9541.23	-9541.44	-9541.6
77	-9541.6	-9541.23	-9541.44	-9541.6
78	-9541.6	-9541.23	-9541.44	-9541.6
79	-9541.6	-9541.23	-9541.44	-9541.6
80	-9541.6	-9541.6	-9541.6	-9541.6
81	-9541.6	-9541.6	-9541.6	-9541.6
82	-9541.6	-9541.6	-9541.6	-9541.6
83	-9541.6	-9541.6	-9541.6	-9541.6
84	-9541.6	-9541.6	-9541.6	-9541.6
85	-9541.6	-9541.6	-9541.6	-9541.6
86	-9541.6	-9541.6	-9541.6	-9541.6
87	-9542.43	-9541.6	-9542.43	-9541.6
88	-9542.43	-9541.6	-9542.43	-9541.6
89	-9542.43	-9541.6	-9542.43	-9541.6
90	-9542.43	-9541.6	-9542.43	-9541.6
91	-9542.43	-9541.6	-9542.43	-9541.6
92	-9542.43	-9541.6	-9542.43	-9541.6
93	-9542.43	-9541.6	-9542.43	-9541.6
94	-9542.43	-9541.6	-9542.43	-9541.6
95	-9542.43	-9541.6	-9542.43	-9541.6
96	-9542.43	-9541.6	-9542.43	-9541.6
97	-9542.43	-9541.6	-9542.43	-9541.6
98	-9542.43	-9541.6	-9542.43	-9541.6
99	-9542.43	-9541.6	-9542.43	-9541.6
100	-9542.43	-9542.43	-9542.43	-9542.43
1	-9492.28	-9489.07	-9492.28	-9485.78
2	-9493.5	-9491.7	-9493.5	-9485.78
3	-9497.21	-9491.7	-9497.21	-9485.78
4	-9498.63	-9494.6	-9498.63	-9485.78
5	-9500.06	-9495.97	-9500.06	-9485.78
6	-9500.56	-9495.97	-9500.56	-9490.66
7	-9500.56	-9495.97	-9500.56	-9490.66
8	-9506.98	-9498.62	-9506.98	-9490.66
9	-9506.98	-9498.62	-9506.98	-9491.69
10	-9506.98	-9502.84	-9506.98	-9494.81
11	-9506.98	-9502.84	-9506.98	-9496.53
12	-9512.25	-9506.14	-9512.25	-9496.53
13	-9512.37	-9506.14	-9512.37	-9496.53
14	-9512.37	-9506.14	-9512.37	-9497.34
15	-9512.37	-9506.14	-9512.37	-9497.34
16	-9512.46	-9506.14	-9512.46	-9497.34
17	-9514.01	-9507.67	-9514.01	-9497.34
18	-9518.11	-9518.11	-9514.01	-9497.34
19	-9527.83	-9518.11	-9527.83	-9497.34
20	-9527.83	-9527.83	-9527.83	-9527.83
21	-9527.83	-9527.83	-9527.83	-9527.83
22	-9529.78	-9527.83	-9527.83	-9529.78
23	-9529.78	-9527.83	-9527.83	-9529.78
24	-9529.78	-9527.83	-9527.83	-9529.78
25	-9535.61	-9535.61	-9528.41	-9529.78
26	-9535.61	-9535.61	-9528.41	-9529.78
27	-9535.61	-9535.61	-9528.41	-9533.33
28	-9535.61	-9535.61	-9528.41	-9533.33
29	-9535.61	-9535.61	-9528.41	-9533.33
30	-9535.61	-9535.61	-9528.41	-9533.33
31	-9535.61	-9535.61	-9533.33	-9533.33
32	-9535.61	-9535.61	-9533.33	-9533.33
33	-9535.61	-9535.61	-9533.33	-9533.33
34	-9535.61	-9535.61	-9533.33	-9533.33
35	-9537.01	-9537.01	-9533.33	-9533.33
36	-9539.28	-9537.01	-9539.28	-9533.33
37	-9539.28	-9537.01	-9539.28	-9533.33
38	-9541.26	-9537.01	-9541.26	-9533.33
39	-9541.26	-9537.01	-9541.26	-9533.33
40	-9541.26	-9541.26	-9541.26	-9541.26
41	-9541.26	-9541.26	-9541.26	-9541.26
42	-9541.26	-9541.26	-9541.26	-9541.26
43	-9541.65	-9541.65	-9541.26	-9541.36
44	-9541.65	-9541.65	-9541.26	-9541.36
45	-9541.65	-9541.65	-9541.26	-9541.36
46	-9541.65	-9541.65	-9541.26	-9541.36
47	-9541.65	-9541.65	-9541.26	-9541.36
48	-9541.65	-9541.65	-9541.26	-9541.36
49	-9542.16	-9541.65	-9541.68	-9542.16
50	-9542.16	-9541.65	-9541.68	-9542.16
51	-9542.16	-9541.65	-9541.68	-9542.16
52	-9542.16	-9541.65	-9541.68	-9542.16
53	-9542.16	-9541.65	-9541.68	-9542.16
54	-9542.16	-9541.65	-9541.68	-9542.16
55	-9542.16	-9541.65	-9541.68	-9542.16
56	-9542.16	-9541.65	-9541.68	-9542.16
57	-9542.16	-9541.65	-9541.68	-9542.16
58	-9542.16	-9541.65	-9541.68	-9542.16
59	-9542.16	-9541.65	-9541.68	-9542.16
60	-9542.16	-9542.16	-9542.16	-9542.16
61	-9542.16	-9542.16	-9542.16	-9542.16
62	-9542.16	-9542.16	-9542.16	-9542.16
63	-9542.16	-9542.16	-9542.16	-9542.16
64	-9542.16	-9542.16	-9542.16	-9542.16
65	-9542.16	-9542.16	-9542.16	-9542.16
66	-9542.16	-9542.16	-9542.16	-9542.16
67	-9542.16	-9542.16	-9542.16	-9542.16
68	-9542.16	-9542.16	-9542.16	-9542.16
69	-9542.16	-9542.16	-9542.16	-9542.16
70	-9542.16	-9542.16	-9542.16	-9542.16
71	-9542.16	-9542.16	-9542.16	-9542.16
72	-9542.16	-9542.16	-9542.16	-9542.16
73	-9542.16	-9542.16	-9542.16	-9542.16
74	-9542.16	-9542.16	-9542.16	-9542.16
75	-9542.16	-9542.16	-9542.16	-9542.16
76	-9542.16	-9542.16	-9542.16	-9542.16
77	-9542.16	-9542.16	-9542.16	-9542.16
78	-9542.16	-9542.16	-9542.16	-9542.16
79	-9542.16	-9542.16	-9542.16	-9542.16
80	-9542.16	-9542.16	-9542.16	-9542.16
81	-9542.16	-9542.16	-9542.16	-9542.16
82	-9542.16	-9542.16	-9542.16	-9542.16
83	-9542.43	-9542.16	-9542.43	-9542.16
84	-9542.43	-9542.16	-9542.43	-9542.16
85	-9542.43	-9542.16	-9542.43	-9542.16
86	-9542.43	-9542.16	-9542.43	-9542.16
87	-9542.43	-9542.16	-9542.43	-9542.16
88	-9542.43	-9542.16	-9542.43	-9542.16
89	-9542.43	-9542.16	-9542.43	-9542.16
90	-9542.43	-9542.16	-9542.43	-9542.16
91	-9542.43	-9542.16	-9542.43	-9542.16
92	-9542.43	-9542.43	-9542.43	-9542.16
93	-9542.43	-9542.43	-9542.43	-9542.16
94	-9542.43	-9542.43	-9542.43	-9542.16
95	-9542.43	-9542.43	-9542.43	-9542.16
96	-9542.43	-9542.43	-9542.43	-9542.16
97	-9542.43	-9542.43	-9542.43	-9542.16
98	-9542.43	-9542.43	-9542.43	-9542.16
99	-9542.43	-9542.43	-9542.43	-9542.16
100	-9542.43	-9542.43	-9542.43	-9542.43
1	-9482.9	-9479.47	-9471.02	-9482.9
2	-9489.96	-9479.86	-9489.96	-9482.9
3	-9493.11	-9480.93	-9493.11	-9488.37
4	-9493.11	-9485.2	-9493.11	-9488.37
5	-9493.11	-9486.95	-9493.11	-9488.37
6	-9493.11	-9486.95	-9493.11	-9488.37
7	-9493.11	-9488.12	-9493.11	-9491.29
8	-9496.69	-9488.12	-9496.69	-9491.29
9	-9497.5	-9490.14	-9497.5	-9491.29
10	-9500.55	-9495.31	-9500.55	-9491.29
11	-9500.55	-9495.31	-9500.55	-9492.88
12	-9500.55	-9499.1	-9500.55	-9494.45
13	-9500.66	-9499.1	-9500.66	-9494.45
14	-9501.4	-9499.1	-9501.4	-9494.45
15	-9504.47	-9499.1	-9504.47	-9494.45
16	-9505.77	-9499.1	-9505.77	-9494.45
17	-9507.07	-9499.1	-9507.07	-9494.45
18	-9507.07	-9502.47	-9507.07	-9495.42
19	-9508.02	-9508.02	-9507.07	-9495.42
20	-9508.24	-9508.24	-9508.24	-9508.24
21	-9508.24	-9508.24	-9508.24	-9508.24
22	-9509.19	-9508.24	-9508.24	-9509.19
23	-9511.54	-9511.54	-9508.24	-9509.19
24	-9511.54	-9511.54	-9508.24	-9509.19
25	-9511.54	-9511.54	-9508.58	-9509.19
26	-9520.74	-9520.74	-9508.6	-9509.19
27	-9520.74	-9520.74	-9508.6	-9509.19
28	-9520.74	-9520.74	-9508.6	-9509.19
29	-9520.74	-9520.74	-9509.35	-9509.19
30	-9520.74	-9520.74	-9509.35	-9509.19
31	-9520.74	-9520.74	-9509.35	-9509.19
32	-9520.74	-9520.74	-9509.35	-9509.19
33	-9520.74	-9520.74	-9509.35	-9509.19
34	-9520.74	-9520.74	-9509.35	-9509.19
35	-9520.74	-9520.74	-9509.35	-9509.19
36	-9524.72	-9524.72	-9509.35	-9509.19
37	-9525.63	-9525.63	-9509.35	-9509.19
38	-9525.63	-9525.63	-9510.69	-9509.19
39	-9525.63	-9525.63	-9510.69	-9509.19
40	-9525.63	-9525.63	-9525.63	-9525.63
41	-9528.77	-9525.93	-9528.77	-9525.63
42	-9528.77	-9525.93	-9528.77	-9525.63
43	-9528.77	-9525.93	-9528.77	-9525.65
44	-9528.77	-9525.93	-9528.77	-9525.65
45	-9528.77	-9525.93	-9528.77	-9525.65
46	-9530.7	-9525.93	-9530.7	-9525.65
47	-9530.7	-9525.97	-9530.7	-9525.65
48	-9530.7	-9525.97	-9530.7	-9527.26
49	-9530.7	-9525.97	-9530.7	-9527.26
50	-9530.7	-9526.86	-9530.7	-9527.6
51	-9530.7	-9526.86	-9530.7	-9527.6
52	-9530.7	-9526.86	-9530.7	-9527.6
53	-9530.79	-9526.86	-9530.79	-9527.6
54	-9530.79	-9526.86	-9530.79	-9527.6
55	-9531.34	-9526.86	-9531.34	-9527.6
56	-9533.16	-9526.86	-9533.16	-9527.6
57	-9533.16	-9526.86	-9533.16	-9527.6
58	-9534.3	-9526.86	-9534.3	-9527.6
59	-9534.3	-9526.86	-9534.3	-9527.6
60	-9534.3	-9534.3	-9534.3	-9534.3
61	-9534.3	-9534.3	-9534.3	-9534.3
62	-9534.67	-9534.3	-9534.67	-9534.3
63	-9534.67	-9534.3	-9534.67	-9534.3
64	-9534.67	-9534.3	-9534.67	-9534.3
65	-9534.67	-9534.3	-9534.67	-9534.3
66	-9534.67	-9534.3	-9534.67	-9534.3
67	-9534.67	-9534.3	-9534.67	-9534.3
68	-9534.67	-9534.3	-9534.67	-9534.3
69	-9534.67	-9534.3	-9534.67	-9534.3
70	-9534.93	-9534.35	-9534.93	-9534.3
71	-9534.93	-9534.35	-9534.93	-9534.3
72	-9534.93	-9534.35	-9534.93	-9534.3
73	-9535.93	-9534.35	-9535.93	-9534.47
74	-9540.57	-9540.57	-9535.93	-9535.04
75	-9540.57	-9540.57	-9535.93	-9535.04
76	-9540.57	-9540.57	-9540.32	-9535.04
77	-9540.57	-9540.57	-9540.32	-9535.04
78	-9540.57	-9540.57	-9540.32	-9535.04
79	-9540.57	-9540.57	-9540.32	-9535.04
80	-9540.57	-9540.57	-9540.57	-9540.57
81	-9541.78	-9540.64	-9541.78	-9540.99
82	-9541.78	-9540.64	-9541.78	-9540.99
83	-9541.78	-9540.64	-9541.78	-9540.99
84	-9541.78	-9540.64	-9541.78	-9540.99
85	-9541.78	-9540.64	-9541.78	-9540.99
86	-9541.78	-9540.64	-9541.78	-9540.99
87	-9541.78	-9540.64	-9541.78	-9540.99
88	-9541.78	-9540.64	-9541.78	-9540.99
89	-9541.78	-9540.64	-9541.78	-9540.99
90	-9541.78	-9540.64	-9541.78	-9540.99
91	-9541.78	-9540.64	-9541.78	-9540.99
92	-9541.78	-9540.64	-9541.78	-9540.99
93	-9541.78	-9540.64	-9541.78	-9540.99
94	-9541.78	-9540.64	-9541.78	-9540.99
95	-9541.78	-9540.64	-9541.78	-9540.99
96	-9541.78	-9540.64	-9541.78	-9540.99
97	-9541.78	-9540.64	-9541.78	-9540.99
98	-9541.78	-9540.64	-9541.78	-9540.99
99	-9541.78	-9540.64	-9541.78	-9540.99
100	-9541.78	-9541.78	-9541.78	-9541.78
