1	-9547.04	-9535.97	-9547.04	-9537.67
2	-9547.04	-9544.24	-9547.04	-9537.67
3	-9559.18	-9548.23	-9559.18	-9537.67
4	-9559.18	-9548.23	-9559.18	-9537.67
5	-9560.03	-9548.23	-9560.03	-9537.67
6	-9560.03	-9550.25	-9560.03	-9552.61
7	-9560.03	-9550.25	-9560.03	-9554.83
8	-9563.8	-9556.28	-9563.8	-9554.83
9	-9564.07	-9557.58	-9564.07	-9554.83
10	-9564.11	-9557.58	-9564.11	-9554.83
11	-9564.11	-9558.81	-9564.11	-9554.83
12	-9564.11	-9561.11	-9564.11	-9554.83
13	-9564.11	-9561.11	-9564.11	-9554.83
14	-9564.24	-9561.11	-9564.24	-9558.44
15	-9564.24	-9561.11	-9564.24	-9558.44
16	-9564.24	-9561.11	-9564.24	-9558.44
17	-9573.99	-9573.99	-9566.92	-9560.04
18	-9573.99	-9573.99	-9566.92	-9560.04
19	-9573.99	-9573.99	-9566.92	-9560.04
20	-9573.99	-9573.99	-9573.99	-9573.99
21	-9575.01	-9573.99	-9574.82	-9575.01
22	-9578.3	-9578.3	-9574.82	-9575.01
23	-9578.41	-9578.3	-9575.4	-9578.41
24	-9578.41	-9578.3	-9575.4	-9578.41
25	-9581.47	-9578.3	-9575.4	-9581.47
26	-9587.01	-9578.3	-9575.4	-9587.01
27	-9587.01	-9578.3	-9577.3	-9587.01
28	-9587.01	-9578.3	-9577.3	-9587.01
29	-9587.01	-9578.3	-9577.3	-9587.01
30	-9587.01	-9578.3	-9577.3	-9587.01
31	-9587.09	-9578.3	-9577.3	-9587.09
32	-9587.09	-9580.31	-9580.47	-9587.09
33	-9587.09	-9580.31	-9580.47	-9587.09
34	-9587.09	-9580.31	-9580.47	-9587.09
35	-9587.09	-9580.31	-9580.47	-9587.09
36	-9587.09	-9580.31	-9580.47	-9587.09
37	-9587.09	-9580.31	-9580.47	-9587.09
38	-9589.69	-9580.31	-9580.47	-9589.69
39	-9589.69	-9580.31	-9580.6	-9589.69
40	-9591.99	-9591.99	-9591.99	-9591.99
41	-9591.99	-9591.99	-9591.99	-9591.99
42	-9593.09	-9593.09	-9591.99	-9592.66
43	-9593.09	-9593.09	-9591.99	-9592.66
44	-9593.09	-9593.09	-9591.99	-9592.66
45	-9595.6	-9595.6	-9591.99	-9592.66
46	-9595.6	-9595.6	-9591.99	-9592.66
47	-9595.6	-9595.6	-9593.36	-9593.72
48	-9598.95	-9595.6	-9593.36	-9598.95
49	-9599.44	-9595.6	-9593.36	-9599.44
50	-9599.44	-9595.6	-9596.15	-9599.44
51	-9599.44	-9595.6	-9598.43	-9599.44
52	-9600.56	-9595.6	-9598.43	-9600.56
53	-9600.56	-9597.87	-9598.96	-9600.56
54	-9601.14	-9597.87	-9601.14	-9600.56
55	-9601.14	-9597.87	-9601.14	-9600.56
56	-9601.14	-9598.65	-9601.14	-9600.57
57	-9601.14	-9598.65	-9601.14	-9600.57
58	-9601.14	-9598.65	-9601.14	-9600.57
59	-9601.14	-9598.65	-9601.14	-9600.57
60	-9601.14	-9601.14	-9601.14	-9601.14
61	-9601.14	-9601.14	-9601.14	-9601.14
62	-9601.14	-9601.14	-9601.14	-9601.14
63	-9601.14	-9601.14	-9601.14	-9601.14
64	-9601.88	-9601.14	-9601.88	-9601.14
65	-9601.88	-9601.14	-9601.88	-9601.14
66	-9601.88	-9601.14	-9601.88	-9601.14
67	-9602.94	-9602.77	-9602.94	-9601.14
68	-9602.94	-9602.77	-9602.94	-9601.14
69	-9602.94	-9602.77	-9602.94	-9601.14
70	-9602.94	-9602.77	-9602.94	-9601.14
71	-9602.94	-9602.77	-9602.94	-9601.14
72	-9602.94	-9602.77	-9602.94	-9602.72
73	-9602.94	-9602.77	-9602.94	-9602.72
74	-9602.94	-9602.77	-9602.94	-9602.72
75	-9602.94	-9602.77	-9602.94	-9602.72
76	-9602.94	-9602.77	-9602.94	-9602.72
77	-9603.36	-9602.77	-9603.36	-9602.72
78	-9603.94	-9602.77	-9603.94	-9602.72
79	-9603.94	-9602.77	-9603.94	-9602.72
80	-9603.94	-9603.94	-9603.94	-9603.94
81	-9603.94	-9603.94	-9603.94	-9603.94
82	-9603.94	-9603.94	-9603.94	-9603.94
83	-9603.94	-9603.94	-9603.94	-9603.94
84	-9603.94	-9603.94	-9603.94	-9603.94
85	-9604.13	-9603.94	-9604.13	-9603.94
86	-9604.13	-9603.94	-9604.13	-9603.94
87	-9604.13	-9603.94	-9604.13	-9603.94
88	-9604.13	-9603.94	-9604.13	-9603.94
89	-9604.13	-9603.94	-9604.13	-9603.94
90	-9604.13	-9603.94	-9604.13	-9603.94
91	-9604.13	-9603.94	-9604.13	-9603.94
92	-9604.13	-9603.94	-9604.13	-9603.94
93	-9604.13	-9603.94	-9604.13	-9603.94
94	-9604.13	-9604	-9604.13	-9603.94
95	-9604.13	-9604	-9604.13	-9603.94
96	-9604.13	-9604	-9604.13	-9603.94
97	-9604.13	-9604	-9604.13	-9603.94
98	-9604.13	-9604	-9604.13	-9603.94
99	-9604.13	-9604	-9604.13	-9603.94
100	-9604.13	-9604.13	-9604.13	-9604.13
1	-9542.9	-9542.9	-9535.11	-9538.31
2	-9551.65	-9547.49	-9551.65	-9545.13
3	-9551.65	-9547.49	-9551.65	-9547.29
4	-9553.34	-9547.49	-9553.34	-9547.29
5	-9555.4	-9548.48	-9555.4	-9547.29
6	-9555.4	-9548.48	-9555.4	-9549.24
7	-9564.09	-9548.48	-9564.09	-9552.97
8	-9566.36	-9559.19	-9566.36	-9552.97
9	-9566.36	-9559.19	-9566.36	-9556.56
10	-9567	-9562.88	-9567	-9556.56
11	-9567	-9562.88	-9567	-9557.28
12	-9567	-9562.88	-9567	-9557.28
13	-9590.14	-9590.14	-9568.38	-9557.28
14	-9590.14	-9590.14	-9568.38	-9557.28
15	-9592.63	-9592.63	-9568.38	-9557.28
16	-9592.63	-9592.63	-9572.87	-9557.28
17	-9592.63	-9592.63	-9574.53	-9558.86
18	-9592.63	-9592.63	-9575.08	-9558.86
19	-9592.63	-9592.63	-9575.08	-9558.86
20	-9592.63	-9592.63	-9592.63	-9592.63
21	-9593.54	-9593.54	-9592.97	-9592.63
22	-9598.77	-9593.54	-9593.3	-9598.77
23	-9598.77	-9593.54	-9595.07	-9598.77
24	-9598.77	-9593.54	-9595.25	-9598.77
25	-9598.77	-9593.54	-9595.25	-9598.77
26	-9598.77	-9593.54	-9595.25	-9598.77
27	-9598.77	-9593.61	-9595.25	-9598.77
28	-9598.77	-9593.61	-9595.6	-9598.77
29	-9598.77	-9593.61	-9595.6	-9598.77
30	-9598.77	-9593.61	-9595.6	-9598.77
31	-9598.77	-9593.61	-9595.78	-9598.77
32	-9599.42	-9593.61	-9595.78	-9599.42
33	-9600.9	-9593.61	-9596.31	-9600.9
34	-9601.79	-9593.61	-9596.31	-9601.79
35	-9601.79	-9593.61	-9596.31	-9601.79
36	-9601.79	-9593.61	-9596.31	-9601.79
37	-9601.79	-9594.29	-9596.31	-9601.79
38	-9601.79	-9594.29	-9596.31	-9601.79
39	-9601.79	-9595.13	-9597.52	-9601.79
40	-9601.79	-9601.79	-9601.79	-9601.79
41	-9601.79	-9601.79	-9601.79	-9601.79
42	-9602.25	-9601.79	-9601.79	-9602.25
43	-9602.72	-9601.79	-9601.79	-9602.72
44	-9602.72	-9601.79	-9601.79	-9602.72
45	-9602.72	-9601.79	-9601.79	-9602.72
46	-9602.72	-9601.79	-9601.79	-9602.72
47	-9602.72	-9601.79	-9601.79	-9602.72
48	-9602.72	-9601.79	-9601.79	-9602.72
49	-9602.72	-9601.79	-9601.79	-9602.72
50	-9602.72	-9601.79	-9601.79	-9602.72
51	-9602.72	-9601.79	-9601.79	-9602.72
52	-9602.72	-9601.79	-9601.79	-9602.72
53	-9603.34	-9601.79	-9601.79	-9603.34
54	-9603.34	-9601.79	-9601.79	-9603.34
55	-9603.87	-9602.71	-9601.79	-9603.87
56	-9603.87	-9602.71	-9601.79	-9603.87
57	-9603.87	-9602.71	-9601.79	-9603.87
58	-9603.87	-9602.71	-9601.79	-9603.87
59	-9604.05	-9602.71	-9601.79	-9604.05
60	-9604.05	-9604.05	-9604.05	-9604.05
61	-9604.05	-9604.05	-9604.05	-9604.05
62	-9604.05	-9604.05	-9604.05	-9604.05
63	-9604.05	-9604.05	-9604.05	-9604.05
64	-9604.05	-9604.05	-9604.05	-9604.05
65	-9604.05	-9604.05	-9604.05	-9604.05
66	-9604.05	-9604.05	-9604.05	-9604.05
67	-9604.05	-9604.05	-9604.05	-9604.05
68	-9604.05	-9604.05	-9604.05	-9604.05
69	-9604.05	-9604.05	-9604.05	-9604.05
70	-9604.05	-9604.05	-9604.05	-9604.05
71	-9604.05	-9604.05	-9604.05	-9604.05
72	-9604.05	-9604.05	-9604.05	-9604.05
73	-9604.05	-9604.05	-9604.05	-9604.05
74	-9604.12	-9604.05	-9604.12	-9604.05
75	-9604.12	-9604.05	-9604.12	-9604.05
76	-9604.12	-9604.05	-9604.12	-9604.05
77	-9604.12	-9604.05	-9604.12	-9604.05
78	-9604.12	-9604.05	-9604.12	-9604.05
79	-9604.12	-9604.05	-9604.12	-9604.05
80	-9604.12	-9604.12	-9604.12	-9604.12
81	-9604.12	-9604.12	-9604.12	-9604.12
82	-9604.12	-9604.12	-9604.12	-9604.12
83	-9604.12	-9604.12	-9604.12	-9604.12
84	-9604.13	-9604.12	-9604.13	-9604.12
85	-9604.13	-9604.12	-9604.13	-9604.12
86	-9604.13	-9604.13	-9604.13	-9604.12
87	-9604.13	-9604.13	-9604.13	-9604.12
88	-9604.13	-9604.13	-9604.13	-9604.12
89	-9604.13	-9604.13	-9604.13	-9604.12
90	-9604.13	-9604.13	-9604.13	-9604.12
91	-9604.13	-9604.13	-9604.13	-9604.12
92	-9604.13	-9604.13	-9604.13	-9604.12
93	-9604.13	-9604.13	-9604.13	-9604.12
94	-9604.13	-9604.13	-9604.13	-9604.12
95	-9604.13	-9604.13	-9604.13	-9604.12
96	-9604.13	-9604.13	-9604.13	-9604.12
97	-9604.13	-9604.13	-9604.13	-9604.13
98	-9604.13	-9604.13	-9604.13	-9604.13
99	-9604.13	-9604.13	-9604.13	-9604.13
100	-9604.13	-9604.13	-9604.13	-9604.13
1	-9553.25	-9553.25	-9551.24	-9537.46
2	-9558.11	-9553.25	-9558.11	-9537.46
3	-9558.11	-9553.25	-9558.11	-9537.46
4	-9568.78	-9555.23	-9568.78	-9547.81
5	-9568.78	-9555.23	-9568.78	-9547.81
6	-9568.78	-9555.23	-9568.78	-9557.78
7	-9574.79	-9555.23	-9574.79	-9557.78
8	-9574.79	-9555.23	-9574.79	-9557.78
9	-9574.79	-9557.6	-9574.79	-9558.02
10	-9574.79	-9559.66	-9574.79	-9561.81
11	-9575.76	-9559.66	-9575.76	-9563.97
12	-9578.3	-9559.66	-9578.3	-9563.97
13	-9578.3	-9559.66	-9578.3	-9564.65
14	-9578.3	-9559.66	-9578.3	-9564.65
15	-9579.11	-9559.66	-9579.11	-9564.65
16	-9579.11	-9559.66	-9579.11	-9564.65
17	-9579.11	-9560.01	-9579.11	-9564.65
18	-9579.11	-9560.51	-9579.11	-9564.65
19	-9579.95	-9560.51	-9579.95	-9564.65
20	-9582.59	-9582.59	-9582.59	-9582.59
21	-9583.4	-9582.59	-9583.4	-9582.59
22	-9583.4	-9583.03	-9583.4	-9582.59
23	-9584.15	-9583.03	-9584.15	-9582.59
24	-9584.15	-9583.03	-9584.15	-9582.59
25	-9584.15	-9583.03	-9584.15	-9582.96
26	-9584.15	-9583.03	-9584.15	-9582.96
27	-9590.84	-9585.22	-9590.84	-9583.5
28	-9590.84	-9585.22	-9590.84	-9583.5
29	-9590.84	-9585.22	-9590.84	-9583.5
30	-9596.68	-9585.22	-9596.68	-9585.36
31	-9596.68	-9585.22	-9596.68	-9587.72
32	-9596.68	-9589.52	-9596.68	-9587.72
33	-9596.86	-9589.52	-9596.86	-9587.72
34	-9596.86	-9589.52	-9596.86	-9588.18
35	-9596.86	-9589.52	-9596.86	-9588.18
36	-9596.86	-9589.52	-9596.86	-9588.18
37	-9598.25	-9589.52	-9598.25	-9593.86
38	-9598.25	-9589.52	-9598.25	-9593.86
39	-9598.25	-9589.52	-9598.25	-9593.86
40	-9598.25	-9598.25	-9598.25	-9598.25
41	-9600.94	-9598.25	-9600.94	-9598.25
42	-9600.94	-9598.25	-9600.94	-9598.95
43	-9600.94	-9598.25	-9600.94	-9598.95
44	-9601.84	-9598.25	-9601.84	-9598.95
45	-9601.84	-9598.25	-9601.84	-9598.95
46	-9601.84	-9599.92	-9601.84	-9600.38
47	-9601.84	-9599.92	-9601.84	-9600.38
48	-9601.84	-9599.92	-9601.84	-9600.38
49	-9601.84	-9599.92	-9601.84	-9600.38
50	-9601.84	-9599.92	-9601.84	-9600.38
51	-9602.46	-9599.92	-9602.46	-9600.38
52	-9602.46	-9599.92	-9602.46	-9600.38
53	-9602.46	-9599.92	-9602.46	-9600.38
54	-9602.46	-9600.02	-9602.46	-9600.38
55	-9602.46	-9600.8	-9602.46	-9600.38
56	-9602.46	-9600.8	-9602.46	-9600.38
57	-9603.15	-9600.8	-9603.15	-9600.38
58	-9603.49	-9600.8	-9603.49	-9600.38
59	-9603.51	-9603.2	-9603.51	-9600.38
60	-9603.51	-9603.51	-9603.51	-9603.51
61	-9603.51	-9603.51	-9603.51	-9603.51
62	-9603.55	-9603.51	-9603.55	-9603.51
63	-9603.55	-9603.51	-9603.55	-9603.51
64	-9603.55	-9603.51	-9603.55	-9603.51
65	-9604.01	-9603.51	-9604.01	-9603.51
66	-9604.01	-9603.51	-9604.01	-9603.51
67	-9604.01	-9603.51	-9604.01	-9603.51
68	-9604.01	-9603.51	-9604.01	-9603.51
69	-9604.01	-9603.51	-9604.01	-9603.51
70	-9604.01	-9603.51	-9604.01	-9603.51
71	-9604.01	-9603.51	-9604.01	-9603.51
72	-9604.01	-9603.51	-9604.01	-9603.51
73	-9604.01	-9603.51	-9604.01	-9603.51
74	-9604.01	-9603.51	-9604.01	-9603.51
75	-9604.01	-9603.51	-9604.01	-9603.51
76	-9604.01	-9603.51	-9604.01	-9603.51
77	-9604.01	-9603.51	-9604.01	-9603.51
78	-9604.01	-9603.51	-9604.01	-9603.51
79	-9604.12	-9603.51	-9604.12	-9603.51
80	-9604.12	-9604.12	-9604.12	-9604.12
81	-9604.12	-9604.12	-9604.12	-9604.12
82	-9604.12	-9604.12	-9604.12	-9604.12
83	-9604.12	-9604.12	-9604.12	-9604.12
84	-9604.12	-9604.12	-9604.12	-9604.12
85	-9604.12	-9604.12	-9604.12	-9604.12
86	-9604.12	-9604.12	-9604.12	-9604.12
87	-9604.12	-9604.12	-9604.12	-9604.12
88	-9604.12	-9604.12	-9604.12	-9604.12
89	-9604.12	-9604.12	-9604.12	-9604.12
90	-9604.12	-9604.12	-9604.12	-9604.12
91	-9604.12	-9604.12	-9604.12	-9604.12
92	-9604.12	-9604.12	-9604.12	-9604.12
93	-9604.12	-9604.12	-9604.12	-9604.12
94	-9604.12	-9604.12	-9604.12	-9604.12
95	-9604.12	-9604.12	-9604.12	-9604.12
96	-9604.12	-9604.12	-9604.12	-9604.12
97	-9604.12	-9604.12	-9604.12	-9604.12
98	-9604.12	-9604.12	-9604.12	-9604.12
99	-9604.12	-9604.12	-9604.12	-9604.12
100	-9604.12	-9604.12	-9604.12	-9604.12
