1	-5297.02	-5297.02	-5297.02	-5292.4
2	-5297.02	-5297.02	-5297.02	-5297.02
3	-5301.74	-5297.02	-5297.02	-5301.74
4	-5309.41	-5297.02	-5297.02	-5309.41
5	-5309.41	-5297.02	-5299.96	-5309.41
6	-5309.41	-5297.02	-5302.42	-5309.41
7	-5309.41	-5309.41	-5309.41	-5309.41
8	-5309.41	-5309.41	-5309.41	-5309.41
9	-5309.41	-5309.41	-5309.41	-5309.41
10	-5309.41	-5309.41	-5309.41	-5309.41
11	-5309.41	-5309.41	-5309.41	-5309.41
12	-5309.41	-5309.41	-5309.41	-5309.41
13	-5309.41	-5309.41	-5309.41	-5309.41
14	-5309.41	-5309.41	-5309.41	-5309.41
15	-5309.41	-5309.41	-5309.41	-5309.41
16	-5309.41	-5309.41	-5309.41	-5309.41
17	-5309.41	-5309.41	-5309.41	-5309.41
18	-5309.41	-5309.41	-5309.41	-5309.41
19	-5309.41	-5309.41	-5309.41	-5309.41
20	-5309.41	-5309.41	-5309.41	-5309.41
21	-5309.41	-5309.41	-5309.41	-5309.41
22	-5309.41	-5309.41	-5309.41	-5309.41
23	-5309.41	-5309.41	-5309.41	-5309.41
24	-5309.41	-5309.41	-5309.41	-5309.41
25	-5309.41	-5309.41	-5309.41	-5309.41
26	-5309.41	-5309.41	-5309.41	-5309.41
27	-5309.41	-5309.41	-5309.41	-5309.41
28	-5309.41	-5309.41	-5309.41	-5309.41
29	-5309.41	-5309.41	-5309.41	-5309.41
30	-5309.41	-5309.41	-5309.41	-5309.41
31	-5309.41	-5309.41	-5309.41	-5309.41
32	-5309.41	-5309.41	-5309.41	-5309.41
33	-5309.41	-5309.41	-5309.41	-5309.41
34	-5309.41	-5309.41	-5309.41	-5309.41
35	-5309.41	-5309.41	-5309.41	-5309.41
36	-5309.41	-5309.41	-5309.41	-5309.41
37	-5309.41	-5309.41	-5309.41	-5309.41
38	-5309.41	-5309.41	-5309.41	-5309.41
39	-5309.41	-5309.41	-5309.41	-5309.41
40	-5309.41	-5309.41	-5309.41	-5309.41
41	-5309.41	-5309.41	-5309.41	-5309.41
42	-5309.41	-5309.41	-5309.41	-5309.41
43	-5309.41	-5309.41	-5309.41	-5309.41
44	-5309.41	-5309.41	-5309.41	-5309.41
45	-5309.41	-5309.41	-5309.41	-5309.41
46	-5309.41	-5309.41	-5309.41	-5309.41
47	-5309.41	-5309.41	-5309.41	-5309.41
48	-5309.41	-5309.41	-5309.41	-5309.41
49	-5309.41	-5309.41	-5309.41	-5309.41
50	-5309.41	-5309.41	-5309.41	-5309.41
51	-5309.41	-5309.41	-5309.41	-5309.41
52	-5309.41	-5309.41	-5309.41	-5309.41
53	-5309.41	-5309.41	-5309.41	-5309.41
54	-5309.41	-5309.41	-5309.41	-5309.41
55	-5309.41	-5309.41	-5309.41	-5309.41
56	-5309.41	-5309.41	-5309.41	-5309.41
57	-5309.41	-5309.41	-5309.41	-5309.41
58	-5309.41	-5309.41	-5309.41	-5309.41
59	-5309.41	-5309.41	-5309.41	-5309.41
60	-5309.41	-5309.41	-5309.41	-5309.41
61	-5309.41	-5309.41	-5309.41	-5309.41
62	-5309.41	-5309.41	-5309.41	-5309.41
63	-5309.41	-5309.41	-5309.41	-5309.41
64	-5309.41	-5309.41	-5309.41	-5309.41
65	-5309.41	-5309.41	-5309.41	-5309.41
66	-5309.41	-5309.41	-5309.41	-5309.41
67	-5309.41	-5309.41	-5309.41	-5309.41
68	-5309.41	-5309.41	-5309.41	-5309.41
69	-5309.41	-5309.41	-5309.41	-5309.41
70	-5309.41	-5309.41	-5309.41	-5309.41
71	-5309.41	-5309.41	-5309.41	-5309.41
72	-5309.41	-5309.41	-5309.41	-5309.41
73	-5309.41	-5309.41	-5309.41	-5309.41
74	-5309.41	-5309.41	-5309.41	-5309.41
75	-5309.41	-5309.41	-5309.41	-5309.41
76	-5309.41	-5309.41	-5309.41	-5309.41
77	-5309.41	-5309.41	-5309.41	-5309.41
78	-5309.41	-5309.41	-5309.41	-5309.41
79	-5309.41	-5309.41	-5309.41	-5309.41
80	-5309.41	-5309.41	-5309.41	-5309.41
81	-5309.41	-5309.41	-5309.41	-5309.41
82	-5309.41	-5309.41	-5309.41	-5309.41
83	-5309.41	-5309.41	-5309.41	-5309.41
84	-5309.41	-5309.41	-5309.41	-5309.41
85	-5309.41	-5309.41	-5309.41	-5309.41
86	-5309.41	-5309.41	-5309.41	-5309.41
87	-5309.41	-5309.41	-5309.41	-5309.41
88	-5309.41	-5309.41	-5309.41	-5309.41
89	-5309.41	-5309.41	-5309.41	-5309.41
90	-5309.41	-5309.41	-5309.41	-5309.41
91	-5309.41	-5309.41	-5309.41	-5309.41
92	-5309.41	-5309.41	-5309.41	-5309.41
93	-5309.41	-5309.41	-5309.41	-5309.41
94	-5309.41	-5309.41	-5309.41	-5309.41
95	-5309.41	-5309.41	-5309.41	-5309.41
96	-5309.41	-5309.41	-5309.41	-5309.41
97	-5309.41	-5309.41	-5309.41	-5309.41
98	-5309.41	-5309.41	-5309.41	-5309.41
99	-5309.41	-5309.41	-5309.41	-5309.41
100	-5309.41	-5309.41	-5309.41	-5309.41
1	-5296.67	-5296.67	-5295.75	-5295.75
2	-5297.02	-5297.02	-5297.02	-5297.02
3	-5297.02	-5297.02	-5297.02	-5297.02
4	-5297.02	-5297.02	-5297.02	-5297.02
5	-5305.9	-5297.02	-5305.9	-5301.81
6	-5309.41	-5297.02	-5309.41	-5309.41
7	-5309.41	-5309.41	-5309.41	-5309.41
8	-5309.41	-5309.41	-5309.41	-5309.41
9	-5309.41	-5309.41	-5309.41	-5309.41
10	-5309.41	-5309.41	-5309.41	-5309.41
11	-5309.41	-5309.41	-5309.41	-5309.41
12	-5309.41	-5309.41	-5309.41	-5309.41
13	-5309.41	-5309.41	-5309.41	-5309.41
14	-5309.41	-5309.41	-5309.41	-5309.41
15	-5309.41	-5309.41	-5309.41	-5309.41
16	-5309.41	-5309.41	-5309.41	-5309.41
17	-5309.41	-5309.41	-5309.41	-5309.41
18	-5309.41	-5309.41	-5309.41	-5309.41
19	-5309.41	-5309.41	-5309.41	-5309.41
20	-5309.41	-5309.41	-5309.41	-5309.41
21	-5309.41	-5309.41	-5309.41	-5309.41
22	-5309.41	-5309.41	-5309.41	-5309.41
23	-5309.41	-5309.41	-5309.41	-5309.41
24	-5309.41	-5309.41	-5309.41	-5309.41
25	-5309.41	-5309.41	-5309.41	-5309.41
26	-5309.41	-5309.41	-5309.41	-5309.41
27	-5309.41	-5309.41	-5309.41	-5309.41
28	-5309.41	-5309.41	-5309.41	-5309.41
29	-5309.41	-5309.41	-5309.41	-5309.41
30	-5309.41	-5309.41	-5309.41	-5309.41
31	-5309.41	-5309.41	-5309.41	-5309.41
32	-5309.41	-5309.41	-5309.41	-5309.41
33	-5309.41	-5309.41	-5309.41	-5309.41
34	-5309.41	-5309.41	-5309.41	-5309.41
35	-5309.41	-5309.41	-5309.41	-5309.41
36	-5309.41	-5309.41	-5309.41	-5309.41
37	-5309.41	-5309.41	-5309.41	-5309.41
38	-5309.41	-5309.41	-5309.41	-5309.41
39	-5309.41	-5309.41	-5309.41	-5309.41
40	-5309.41	-5309.41	-5309.41	-5309.41
41	-5309.41	-5309.41	-5309.41	-5309.41
42	-5309.41	-5309.41	-5309.41	-5309.41
43	-5309.41	-5309.41	-5309.41	-5309.41
44	-5309.41	-5309.41	-5309.41	-5309.41
45	-5309.41	-5309.41	-5309.41	-5309.41
46	-5309.41	-5309.41	-5309.41	-5309.41
47	-5309.41	-5309.41	-5309.41	-5309.41
48	-5309.41	-5309.41	-5309.41	-5309.41
49	-5309.41	-5309.41	-5309.41	-5309.41
50	-5309.41	-5309.41	-5309.41	-5309.41
51	-5309.41	-5309.41	-5309.41	-5309.41
52	-5309.41	-5309.41	-5309.41	-5309.41
53	-5309.41	-5309.41	-5309.41	-5309.41
54	-5309.41	-5309.41	-5309.41	-5309.41
55	-5309.41	-5309.41	-5309.41	-5309.41
56	-5309.41	-5309.41	-5309.41	-5309.41
57	-5309.41	-5309.41	-5309.41	-5309.41
58	-5309.41	-5309.41	-5309.41	-5309.41
59	-5309.41	-5309.41	-5309.41	-5309.41
60	-5309.41	-5309.41	-5309.41	-5309.41
61	-5309.41	-5309.41	-5309.41	-5309.41
62	-5309.41	-5309.41	-5309.41	-5309.41
63	-5309.41	-5309.41	-5309.41	-5309.41
64	-5309.41	-5309.41	-5309.41	-5309.41
65	-5309.41	-5309.41	-5309.41	-5309.41
66	-5309.41	-5309.41	-5309.41	-5309.41
67	-5309.41	-5309.41	-5309.41	-5309.41
68	-5309.41	-5309.41	-5309.41	-5309.41
69	-5309.41	-5309.41	-5309.41	-5309.41
70	-5309.41	-5309.41	-5309.41	-5309.41
71	-5309.41	-5309.41	-5309.41	-5309.41
72	-5309.41	-5309.41	-5309.41	-5309.41
73	-5309.41	-5309.41	-5309.41	-5309.41
74	-5309.41	-5309.41	-5309.41	-5309.41
75	-5309.41	-5309.41	-5309.41	-5309.41
76	-5309.41	-5309.41	-5309.41	-5309.41
77	-5309.41	-5309.41	-5309.41	-5309.41
78	-5309.41	-5309.41	-5309.41	-5309.41
79	-5309.41	-5309.41	-5309.41	-5309.41
80	-5309.41	-5309.41	-5309.41	-5309.41
81	-5309.41	-5309.41	-5309.41	-5309.41
82	-5309.41	-5309.41	-5309.41	-5309.41
83	-5309.41	-5309.41	-5309.41	-5309.41
84	-5309.41	-5309.41	-5309.41	-5309.41
85	-5309.41	-5309.41	-5309.41	-5309.41
86	-5309.41	-5309.41	-5309.41	-5309.41
87	-5309.41	-5309.41	-5309.41	-5309.41
88	-5309.41	-5309.41	-5309.41	-5309.41
89	-5309.41	-5309.41	-5309.41	-5309.41
90	-5309.41	-5309.41	-5309.41	-5309.41
91	-5309.41	-5309.41	-5309.41	-5309.41
92	-5309.41	-5309.41	-5309.41	-5309.41
93	-5309.41	-5309.41	-5309.41	-5309.41
94	-5309.41	-5309.41	-5309.41	-5309.41
95	-5309.41	-5309.41	-5309.41	-5309.41
96	-5309.41	-5309.41	-5309.41	-5309.41
97	-5309.41	-5309.41	-5309.41	-5309.41
98	-5309.41	-5309.41	-5309.41	-5309.41
99	-5309.41	-5309.41	-5309.41	-5309.41
100	-5309.41	-5309.41	-5309.41	-5309.41
1	-5297.02	-5292.38	-5295.06	-5297.02
2	-5305.9	-5292.38	-5305.9	-5297.02
3	-5309.41	-5296.67	-5309.41	-5297.02
4	-5309.41	-5296.67	-5309.41	-5297.02
5	-5309.41	-5309.41	-5309.41	-5297.02
6	-5309.41	-5309.41	-5309.41	-5297.02
7	-5309.41	-5309.41	-5309.41	-5309.41
8	-5309.41	-5309.41	-5309.41	-5309.41
9	-5309.41	-5309.41	-5309.41	-5309.41
10	-5309.41	-5309.41	-5309.41	-5309.41
11	-5309.41	-5309.41	-5309.41	-5309.41
12	-5309.41	-5309.41	-5309.41	-5309.41
13	-5309.41	-5309.41	-5309.41	-5309.41
14	-5309.41	-5309.41	-5309.41	-5309.41
15	-5309.41	-5309.41	-5309.41	-5309.41
16	-5309.41	-5309.41	-5309.41	-5309.41
17	-5309.41	-5309.41	-5309.41	-5309.41
18	-5309.41	-5309.41	-5309.41	-5309.41
19	-5309.41	-5309.41	-5309.41	-5309.41
20	-5309.41	-5309.41	-5309.41	-5309.41
21	-5309.41	-5309.41	-5309.41	-5309.41
22	-5309.41	-5309.41	-5309.41	-5309.41
23	-5309.41	-5309.41	-5309.41	-5309.41
24	-5309.41	-5309.41	-5309.41	-5309.41
25	-5309.41	-5309.41	-5309.41	-5309.41
26	-5309.41	-5309.41	-5309.41	-5309.41
27	-5309.41	-5309.41	-5309.41	-5309.41
28	-5309.41	-5309.41	-5309.41	-5309.41
29	-5309.41	-5309.41	-5309.41	-5309.41
30	-5309.41	-5309.41	-5309.41	-5309.41
31	-5309.41	-5309.41	-5309.41	-5309.41
32	-5309.41	-5309.41	-5309.41	-5309.41
33	-5309.41	-5309.41	-5309.41	-5309.41
34	-5309.41	-5309.41	-5309.41	-5309.41
35	-5309.41	-5309.41	-5309.41	-5309.41
36	-5309.41	-5309.41	-5309.41	-5309.41
37	-5309.41	-5309.41	-5309.41	-5309.41
38	-5309.41	-5309.41	-5309.41	-5309.41
39	-5309.41	-5309.41	-5309.41	-5309.41
40	-5309.41	-5309.41	-5309.41	-5309.41
41	-5309.41	-5309.41	-5309.41	-5309.41
42	-5309.41	-5309.41	-5309.41	-5309.41
43	-5309.41	-5309.41	-5309.41	-5309.41
44	-5309.41	-5309.41	-5309.41	-5309.41
45	-5309.41	-5309.41	-5309.41	-5309.41
46	-5309.41	-5309.41	-5309.41	-5309.41
47	-5309.41	-5309.41	-5309.41	-5309.41
48	-5309.41	-5309.41	-5309.41	-5309.41
49	-5309.41	-5309.41	-5309.41	-5309.41
50	-5309.41	-5309.41	-5309.41	-5309.41
51	-5309.41	-5309.41	-5309.41	-5309.41
52	-5309.41	-5309.41	-5309.41	-5309.41
53	-5309.41	-5309.41	-5309.41	-5309.41
54	-5309.41	-5309.41	-5309.41	-5309.41
55	-5309.41	-5309.41	-5309.41	-5309.41
56	-5309.41	-5309.41	-5309.41	-5309.41
57	-5309.41	-5309.41	-5309.41	-5309.41
58	-5309.41	-5309.41	-5309.41	-5309.41
59	-5309.41	-5309.41	-5309.41	-5309.41
60	-5309.41	-5309.41	-5309.41	-5309.41
61	-5309.41	-5309.41	-5309.41	-5309.41
62	-5309.41	-5309.41	-5309.41	-5309.41
63	-5309.41	-5309.41	-5309.41	-5309.41
64	-5309.41	-5309.41	-5309.41	-5309.41
65	-5309.41	-5309.41	-5309.41	-5309.41
66	-5309.41	-5309.41	-5309.41	-5309.41
67	-5309.41	-5309.41	-5309.41	-5309.41
68	-5309.41	-5309.41	-5309.41	-5309.41
69	-5309.41	-5309.41	-5309.41	-5309.41
70	-5309.41	-5309.41	-5309.41	-5309.41
71	-5309.41	-5309.41	-5309.41	-5309.41
72	-5309.41	-5309.41	-5309.41	-5309.41
73	-5309.41	-5309.41	-5309.41	-5309.41
74	-5309.41	-5309.41	-5309.41	-5309.41
75	-5309.41	-5309.41	-5309.41	-5309.41
76	-5309.41	-5309.41	-5309.41	-5309.41
77	-5309.41	-5309.41	-5309.41	-5309.41
78	-5309.41	-5309.41	-5309.41	-5309.41
79	-5309.41	-5309.41	-5309.41	-5309.41
80	-5309.41	-5309.41	-5309.41	-5309.41
81	-5309.41	-5309.41	-5309.41	-5309.41
82	-5309.41	-5309.41	-5309.41	-5309.41
83	-5309.41	-5309.41	-5309.41	-5309.41
84	-5309.41	-5309.41	-5309.41	-5309.41
85	-5309.41	-5309.41	-5309.41	-5309.41
86	-5309.41	-5309.41	-5309.41	-5309.41
87	-5309.41	-5309.41	-5309.41	-5309.41
88	-5309.41	-5309.41	-5309.41	-5309.41
89	-5309.41	-5309.41	-5309.41	-5309.41
90	-5309.41	-5309.41	-5309.41	-5309.41
91	-5309.41	-5309.41	-5309.41	-5309.41
92	-5309.41	-5309.41	-5309.41	-5309.41
93	-5309.41	-5309.41	-5309.41	-5309.41
94	-5309.41	-5309.41	-5309.41	-5309.41
95	-5309.41	-5309.41	-5309.41	-5309.41
96	-5309.41	-5309.41	-5309.41	-5309.41
97	-5309.41	-5309.41	-5309.41	-5309.41
98	-5309.41	-5309.41	-5309.41	-5309.41
99	-5309.41	-5309.41	-5309.41	-5309.41
100	-5309.41	-5309.41	-5309.41	-5309.41
