1	-5459.57	-5456.82	-5459.57	-5458.31
2	-5465.36	-5458.75	-5465.36	-5458.31
3	-5465.36	-5458.75	-5465.36	-5459.78
4	-5465.36	-5463.74	-5465.36	-5459.78
5	-5465.36	-5464.33	-5465.36	-5459.78
6	-5467.26	-5464.33	-5467.24	-5467.26
7	-5467.67	-5466.1	-5467.67	-5467.26
8	-5467.67	-5466.72	-5467.67	-5467.26
9	-5467.67	-5466.72	-5467.67	-5467.26
10	-5467.67	-5466.72	-5467.67	-5467.26
11	-5471.67	-5471.1	-5467.67	-5471.67
12	-5471.67	-5471.1	-5469.37	-5471.67
13	-5471.67	-5471.1	-5469.37	-5471.67
14	-5471.67	-5471.1	-5469.37	-5471.67
15	-5471.67	-5471.67	-5469.37	-5471.67
16	-5471.67	-5471.67	-5469.37	-5471.67
17	-5471.67	-5471.67	-5469.37	-5471.67
18	-5471.67	-5471.67	-5469.37	-5471.67
19	-5471.67	-5471.67	-5469.37	-5471.67
20	-5471.67	-5471.67	-5471.67	-5471.67
21	-5471.67	-5471.67	-5471.67	-5471.67
22	-5471.67	-5471.67	-5471.67	-5471.67
23	-5471.67	-5471.67	-5471.67	-5471.67
24	-5471.67	-5471.67	-5471.67	-5471.67
25	-5471.67	-5471.67	-5471.67	-5471.67
26	-5471.67	-5471.67	-5471.67	-5471.67
27	-5471.67	-5471.67	-5471.67	-5471.67
28	-5471.67	-5471.67	-5471.67	-5471.67
29	-5471.67	-5471.67	-5471.67	-5471.67
30	-5471.67	-5471.67	-5471.67	-5471.67
31	-5471.67	-5471.67	-5471.67	-5471.67
32	-5471.67	-5471.67	-5471.67	-5471.67
33	-5471.67	-5471.67	-5471.67	-5471.67
34	-5471.67	-5471.67	-5471.67	-5471.67
35	-5471.67	-5471.67	-5471.67	-5471.67
36	-5471.67	-5471.67	-5471.67	-5471.67
37	-5471.67	-5471.67	-5471.67	-5471.67
38	-5471.67	-5471.67	-5471.67	-5471.67
39	-5471.67	-5471.67	-5471.67	-5471.67
40	-5471.67	-5471.67	-5471.67	-5471.67
41	-5471.67	-5471.67	-5471.67	-5471.67
42	-5471.67	-5471.67	-5471.67	-5471.67
43	-5471.67	-5471.67	-5471.67	-5471.67
44	-5471.67	-5471.67	-5471.67	-5471.67
45	-5471.67	-5471.67	-5471.67	-5471.67
46	-5471.67	-5471.67	-5471.67	-5471.67
47	-5471.67	-5471.67	-5471.67	-5471.67
48	-5471.67	-5471.67	-5471.67	-5471.67
49	-5471.67	-5471.67	-5471.67	-5471.67
50	-5471.67	-5471.67	-5471.67	-5471.67
51	-5471.67	-5471.67	-5471.67	-5471.67
52	-5471.67	-5471.67	-5471.67	-5471.67
53	-5471.67	-5471.67	-5471.67	-5471.67
54	-5471.67	-5471.67	-5471.67	-5471.67
55	-5471.67	-5471.67	-5471.67	-5471.67
56	-5471.67	-5471.67	-5471.67	-5471.67
57	-5471.67	-5471.67	-5471.67	-5471.67
58	-5471.67	-5471.67	-5471.67	-5471.67
59	-5471.67	-5471.67	-5471.67	-5471.67
60	-5471.67	-5471.67	-5471.67	-5471.67
61	-5471.67	-5471.67	-5471.67	-5471.67
62	-5471.67	-5471.67	-5471.67	-5471.67
63	-5471.67	-5471.67	-5471.67	-5471.67
64	-5471.67	-5471.67	-5471.67	-5471.67
65	-5471.67	-5471.67	-5471.67	-5471.67
66	-5471.67	-5471.67	-5471.67	-5471.67
67	-5471.67	-5471.67	-5471.67	-5471.67
68	-5471.67	-5471.67	-5471.67	-5471.67
69	-5471.67	-5471.67	-5471.67	-5471.67
70	-5471.67	-5471.67	-5471.67	-5471.67
71	-5471.67	-5471.67	-5471.67	-5471.67
72	-5471.67	-5471.67	-5471.67	-5471.67
73	-5471.67	-5471.67	-5471.67	-5471.67
74	-5471.67	-5471.67	-5471.67	-5471.67
75	-5471.67	-5471.67	-5471.67	-5471.67
76	-5471.67	-5471.67	-5471.67	-5471.67
77	-5471.67	-5471.67	-5471.67	-5471.67
78	-5471.67	-5471.67	-5471.67	-5471.67
79	-5471.67	-5471.67	-5471.67	-5471.67
80	-5471.67	-5471.67	-5471.67	-5471.67
81	-5471.67	-5471.67	-5471.67	-5471.67
82	-5471.67	-5471.67	-5471.67	-5471.67
83	-5471.67	-5471.67	-5471.67	-5471.67
84	-5471.67	-5471.67	-5471.67	-5471.67
85	-5471.67	-5471.67	-5471.67	-5471.67
86	-5471.67	-5471.67	-5471.67	-5471.67
87	-5471.67	-5471.67	-5471.67	-5471.67
88	-5471.67	-5471.67	-5471.67	-5471.67
89	-5471.67	-5471.67	-5471.67	-5471.67
90	-5471.67	-5471.67	-5471.67	-5471.67
91	-5471.67	-5471.67	-5471.67	-5471.67
92	-5471.67	-5471.67	-5471.67	-5471.67
93	-5471.67	-5471.67	-5471.67	-5471.67
94	-5471.67	-5471.67	-5471.67	-5471.67
95	-5471.67	-5471.67	-5471.67	-5471.67
96	-5471.67	-5471.67	-5471.67	-5471.67
97	-5471.67	-5471.67	-5471.67	-5471.67
98	-5471.67	-5471.67	-5471.67	-5471.67
99	-5471.67	-5471.67	-5471.67	-5471.67
100	-5471.67	-5471.67	-5471.67	-5471.67
1	-5462.98	-5457.53	-5460	-5462.98
2	-5463.05	-5459.68	-5460	-5463.05
3	-5463.05	-5460.31	-5460	-5463.05
4	-5465.48	-5465.48	-5460	-5463.05
5	-5465.48	-5465.48	-5460	-5463.05
6	-5465.48	-5465.48	-5465.01	-5463.05
7	-5467.28	-5467.28	-5465.01	-5464.41
8	-5467.28	-5467.28	-5465.03	-5464.41
9	-5468.57	-5467.28	-5468.57	-5465.01
10	-5468.57	-5467.28	-5468.57	-5465.01
11	-5468.57	-5467.28	-5468.57	-5466.29
12	-5470.56	-5467.28	-5470.56	-5466.29
13	-5470.56	-5467.28	-5470.56	-5466.29
14	-5470.56	-5467.28	-5470.56	-5466.29
15	-5470.56	-5467.28	-5470.56	-5466.29
16	-5470.56	-5468.45	-5470.56	-5466.29
17	-5470.56	-5468.67	-5470.56	-5467.9
18	-5471.59	-5468.67	-5471.59	-5467.9
19	-5471.59	-5468.67	-5471.59	-5467.9
20	-5471.59	-5471.59	-5471.59	-5471.59
21	-5471.59	-5471.59	-5471.59	-5471.59
22	-5471.67	-5471.59	-5471.59	-5471.67
23	-5471.67	-5471.59	-5471.59	-5471.67
24	-5471.67	-5471.59	-5471.59	-5471.67
25	-5471.67	-5471.59	-5471.59	-5471.67
26	-5471.67	-5471.59	-5471.59	-5471.67
27	-5471.67	-5471.59	-5471.59	-5471.67
28	-5471.67	-5471.59	-5471.59	-5471.67
29	-5471.67	-5471.59	-5471.59	-5471.67
30	-5471.67	-5471.59	-5471.59	-5471.67
31	-5471.67	-5471.59	-5471.59	-5471.67
32	-5471.67	-5471.59	-5471.67	-5471.67
33	-5471.67	-5471.59	-5471.67	-5471.67
34	-5471.67	-5471.59	-5471.67	-5471.67
35	-5471.67	-5471.59	-5471.67	-5471.67
36	-5471.67	-5471.59	-5471.67	-5471.67
37	-5471.67	-5471.59	-5471.67	-5471.67
38	-5471.67	-5471.67	-5471.67	-5471.67
39	-5471.67	-5471.67	-5471.67	-5471.67
40	-5471.67	-5471.67	-5471.67	-5471.67
41	-5471.67	-5471.67	-5471.67	-5471.67
42	-5471.67	-5471.67	-5471.67	-5471.67
43	-5471.67	-5471.67	-5471.67	-5471.67
44	-5471.67	-5471.67	-5471.67	-5471.67
45	-5471.67	-5471.67	-5471.67	-5471.67
46	-5471.67	-5471.67	-5471.67	-5471.67
47	-5471.67	-5471.67	-5471.67	-5471.67
48	-5471.67	-5471.67	-5471.67	-5471.67
49	-5471.67	-5471.67	-5471.67	-5471.67
50	-5471.67	-5471.67	-5471.67	-5471.67
51	-5471.67	-5471.67	-5471.67	-5471.67
52	-5471.67	-5471.67	-5471.67	-5471.67
53	-5471.67	-5471.67	-5471.67	-5471.67
54	-5471.67	-5471.67	-5471.67	-5471.67
55	-5471.67	-5471.67	-5471.67	-5471.67
56	-5471.67	-5471.67	-5471.67	-5471.67
57	-5471.67	-5471.67	-5471.67	-5471.67
58	-5471.67	-5471.67	-5471.67	-5471.67
59	-5471.67	-5471.67	-5471.67	-5471.67
60	-5471.67	-5471.67	-5471.67	-5471.67
61	-5471.67	-5471.67	-5471.67	-5471.67
62	-5471.67	-5471.67	-5471.67	-5471.67
63	-5471.67	-5471.67	-5471.67	-5471.67
64	-5471.67	-5471.67	-5471.67	-5471.67
65	-5471.67	-5471.67	-5471.67	-5471.67
66	-5471.67	-5471.67	-5471.67	-5471.67
67	-5471.67	-5471.67	-5471.67	-5471.67
68	-5471.67	-5471.67	-5471.67	-5471.67
69	-5471.67	-5471.67	-5471.67	-5471.67
70	-5471.67	-5471.67	-5471.67	-5471.67
71	-5471.67	-5471.67	-5471.67	-5471.67
72	-5471.67	-5471.67	-5471.67	-5471.67
73	-5471.67	-5471.67	-5471.67	-5471.67
74	-5471.67	-5471.67	-5471.67	-5471.67
75	-5471.67	-5471.67	-5471.67	-5471.67
76	-5471.67	-5471.67	-5471.67	-5471.67
77	-5471.67	-5471.67	-5471.67	-5471.67
78	-5471.67	-5471.67	-5471.67	-5471.67
79	-5471.67	-5471.67	-5471.67	-5471.67
80	-5471.67	-5471.67	-5471.67	-5471.67
81	-5471.67	-5471.67	-5471.67	-5471.67
82	-5471.67	-5471.67	-5471.67	-5471.67
83	-5471.67	-5471.67	-5471.67	-5471.67
84	-5471.67	-5471.67	-5471.67	-5471.67
85	-5471.67	-5471.67	-5471.67	-5471.67
86	-5471.67	-5471.67	-5471.67	-5471.67
87	-5471.67	-5471.67	-5471.67	-5471.67
88	-5471.67	-5471.67	-5471.67	-5471.67
89	-5471.67	-5471.67	-5471.67	-5471.67
90	-5471.67	-5471.67	-5471.67	-5471.67
91	-5471.67	-5471.67	-5471.67	-5471.67
92	-5471.67	-5471.67	-5471.67	-5471.67
93	-5471.67	-5471.67	-5471.67	-5471.67
94	-5471.67	-5471.67	-5471.67	-5471.67
95	-5471.67	-5471.67	-5471.67	-5471.67
96	-5471.67	-5471.67	-5471.67	-5471.67
97	-5471.67	-5471.67	-5471.67	-5471.67
98	-5471.67	-5471.67	-5471.67	-5471.67
99	-5471.67	-5471.67	-5471.67	-5471.67
100	-5471.67	-5471.67	-5471.67	-5471.67
1	-5469.31	-5458.6	-5469.31	-5460.07
2	-5469.31	-5458.6	-5469.31	-5462.85
3	-5469.31	-5458.6	-5469.31	-5464.3
4	-5469.31	-5463.42	-5469.31	-5464.3
5	-5469.31	-5466.32	-5469.31	-5466.11
6	-5469.31	-5466.32	-5469.31	-5468.45
7	-5469.31	-5466.32	-5469.31	-5468.45
8	-5470.56	-5466.32	-5469.67	-5470.56
9	-5470.56	-5466.32	-5469.67	-5470.56
10	-5470.56	-5466.32	-5469.67	-5470.56
11	-5470.56	-5466.32	-5469.67	-5470.56
12	-5471.59	-5468.14	-5469.67	-5471.59
13	-5471.59	-5468.14	-5469.67	-5471.59
14	-5471.59	-5468.14	-5469.67	-5471.59
15	-5471.59	-5468.14	-5469.67	-5471.59
16	-5471.59	-5468.14	-5469.67	-5471.59
17	-5471.59	-5468.14	-5469.67	-5471.59
18	-5471.59	-5468.14	-5469.67	-5471.59
19	-5471.59	-5468.98	-5469.67	-5471.59
20	-5471.59	-5471.59	-5471.59	-5471.59
21	-5471.59	-5471.59	-5471.59	-5471.59
22	-5471.59	-5471.59	-5471.59	-5471.59
23	-5471.67	-5471.67	-5471.59	-5471.59
24	-5471.67	-5471.67	-5471.59	-5471.59
25	-5471.67	-5471.67	-5471.67	-5471.67
26	-5471.67	-5471.67	-5471.67	-5471.67
27	-5471.67	-5471.67	-5471.67	-5471.67
28	-5471.67	-5471.67	-5471.67	-5471.67
29	-5471.67	-5471.67	-5471.67	-5471.67
30	-5471.67	-5471.67	-5471.67	-5471.67
31	-5471.67	-5471.67	-5471.67	-5471.67
32	-5471.67	-5471.67	-5471.67	-5471.67
33	-5471.67	-5471.67	-5471.67	-5471.67
34	-5471.67	-5471.67	-5471.67	-5471.67
35	-5471.67	-5471.67	-5471.67	-5471.67
36	-5471.67	-5471.67	-5471.67	-5471.67
37	-5471.67	-5471.67	-5471.67	-5471.67
38	-5471.67	-5471.67	-5471.67	-5471.67
39	-5471.67	-5471.67	-5471.67	-5471.67
40	-5471.67	-5471.67	-5471.67	-5471.67
41	-5471.67	-5471.67	-5471.67	-5471.67
42	-5471.67	-5471.67	-5471.67	-5471.67
43	-5471.67	-5471.67	-5471.67	-5471.67
44	-5471.67	-5471.67	-5471.67	-5471.67
45	-5471.67	-5471.67	-5471.67	-5471.67
46	-5471.67	-5471.67	-5471.67	-5471.67
47	-5471.67	-5471.67	-5471.67	-5471.67
48	-5471.67	-5471.67	-5471.67	-5471.67
49	-5471.67	-5471.67	-5471.67	-5471.67
50	-5471.67	-5471.67	-5471.67	-5471.67
51	-5471.67	-5471.67	-5471.67	-5471.67
52	-5471.67	-5471.67	-5471.67	-5471.67
53	-5471.67	-5471.67	-5471.67	-5471.67
54	-5471.67	-5471.67	-5471.67	-5471.67
55	-5471.67	-5471.67	-5471.67	-5471.67
56	-5471.67	-5471.67	-5471.67	-5471.67
57	-5471.67	-5471.67	-5471.67	-5471.67
58	-5471.67	-5471.67	-5471.67	-5471.67
59	-5471.67	-5471.67	-5471.67	-5471.67
60	-5471.67	-5471.67	-5471.67	-5471.67
61	-5471.67	-5471.67	-5471.67	-5471.67
62	-5471.67	-5471.67	-5471.67	-5471.67
63	-5471.67	-5471.67	-5471.67	-5471.67
64	-5471.67	-5471.67	-5471.67	-5471.67
65	-5471.67	-5471.67	-5471.67	-5471.67
66	-5471.67	-5471.67	-5471.67	-5471.67
67	-5471.67	-5471.67	-5471.67	-5471.67
68	-5471.67	-5471.67	-5471.67	-5471.67
69	-5471.67	-5471.67	-5471.67	-5471.67
70	-5471.67	-5471.67	-5471.67	-5471.67
71	-5471.67	-5471.67	-5471.67	-5471.67
72	-5471.67	-5471.67	-5471.67	-5471.67
73	-5471.67	-5471.67	-5471.67	-5471.67
74	-5471.67	-5471.67	-5471.67	-5471.67
75	-5471.67	-5471.67	-5471.67	-5471.67
76	-5471.67	-5471.67	-5471.67	-5471.67
77	-5471.67	-5471.67	-5471.67	-5471.67
78	-5471.67	-5471.67	-5471.67	-5471.67
79	-5471.67	-5471.67	-5471.67	-5471.67
80	-5471.67	-5471.67	-5471.67	-5471.67
81	-5471.67	-5471.67	-5471.67	-5471.67
82	-5471.67	-5471.67	-5471.67	-5471.67
83	-5471.67	-5471.67	-5471.67	-5471.67
84	-5471.67	-5471.67	-5471.67	-5471.67
85	-5471.67	-5471.67	-5471.67	-5471.67
86	-5471.67	-5471.67	-5471.67	-5471.67
87	-5471.67	-5471.67	-5471.67	-5471.67
88	-5471.67	-5471.67	-5471.67	-5471.67
89	-5471.67	-5471.67	-5471.67	-5471.67
90	-5471.67	-5471.67	-5471.67	-5471.67
91	-5471.67	-5471.67	-5471.67	-5471.67
92	-5471.67	-5471.67	-5471.67	-5471.67
93	-5471.67	-5471.67	-5471.67	-5471.67
94	-5471.67	-5471.67	-5471.67	-5471.67
95	-5471.67	-5471.67	-5471.67	-5471.67
96	-5471.67	-5471.67	-5471.67	-5471.67
97	-5471.67	-5471.67	-5471.67	-5471.67
98	-5471.67	-5471.67	-5471.67	-5471.67
99	-5471.67	-5471.67	-5471.67	-5471.67
100	-5471.67	-5471.67	-5471.67	-5471.67
