1	-86.0125	-85.1648	-85.2454	-86.0125
2	-86.0125	-85.2133	-85.5969	-86.0125
3	-86.0125	-85.2133	-85.5969	-86.0125
4	-86.9918	-86.1983	-86.9918	-86.0125
5	-87.21	-86.1983	-87.1502	-87.21
6	-87.21	-86.1983	-87.1502	-87.21
7	-87.21	-86.1983	-87.189	-87.21
8	-87.21	-86.1983	-87.189	-87.21
9	-87.3294	-86.1983	-87.3294	-87.21
10	-87.3294	-86.6736	-87.3294	-87.21
11	-87.3294	-86.6736	-87.3294	-87.21
12	-87.3294	-86.6736	-87.3294	-87.21
13	-87.3297	-86.7298	-87.3297	-87.2138
14	-87.3297	-86.7298	-87.3297	-87.2138
15	-87.3297	-86.7298	-87.3297	-87.2138
16	-87.3523	-86.7298	-87.3523	-87.2702
17	-87.3523	-86.9411	-87.3523	-87.2702
18	-87.3523	-87.0599	-87.3523	-87.2702
19	-87.5617	-87.0946	-87.5617	-87.3523
20	-87.5617	-87.5617	-87.5617	-87.5617
21	-87.5617	-87.5617	-87.5617	-87.5617
22	-87.5617	-87.5617	-87.5617	-87.5617
23	-87.5617	-87.5617	-87.5617	-87.5617
24	-87.5617	-87.5617	-87.5617	-87.5617
25	-87.5617	-87.5617	-87.5617	-87.5617
26	-87.5617	-87.5617	-87.5617	-87.5617
27	-87.5617	-87.5617	-87.5617	-87.5617
28	-87.5617	-87.5617	-87.5617	-87.5617
29	-87.5617	-87.5617	-87.5617	-87.5617
30	-87.5617	-87.5617	-87.5617	-87.5617
31	-87.5617	-87.5617	-87.5617	-87.5617
32	-87.5617	-87.5617	-87.5617	-87.5617
33	-87.5617	-87.5617	-87.5617	-87.5617
34	-87.5617	-87.5617	-87.5617	-87.5617
35	-87.5617	-87.5617	-87.5617	-87.5617
36	-87.5617	-87.5617	-87.5617	-87.5617
37	-87.5617	-87.5617	-87.5617	-87.5617
38	-87.5617	-87.5617	-87.5617	-87.5617
39	-87.5617	-87.5617	-87.5617	-87.5617
40	-87.5617	-87.5617	-87.5617	-87.5617
41	-87.5617	-87.5617	-87.5617	-87.5617
42	-87.5617	-87.5617	-87.5617	-87.5617
43	-87.5617	-87.5617	-87.5617	-87.5617
44	-87.5617	-87.5617	-87.5617	-87.5617
45	-87.5617	-87.5617	-87.5617	-87.5617
46	-87.5617	-87.5617	-87.5617	-87.5617
47	-87.5617	-87.5617	-87.5617	-87.5617
48	-87.5617	-87.5617	-87.5617	-87.5617
49	-87.5617	-87.5617	-87.5617	-87.5617
50	-87.5617	-87.5617	-87.5617	-87.5617
51	-87.5617	-87.5617	-87.5617	-87.5617
52	-87.5617	-87.5617	-87.5617	-87.5617
53	-87.5617	-87.5617	-87.5617	-87.5617
54	-87.5617	-87.5617	-87.5617	-87.5617
55	-87.5617	-87.5617	-87.5617	-87.5617
56	-87.5617	-87.5617	-87.5617	-87.5617
57	-87.5617	-87.5617	-87.5617	-87.5617
58	-87.5617	-87.5617	-87.5617	-87.5617
59	-87.5617	-87.5617	-87.5617	-87.5617
60	-87.5617	-87.5617	-87.5617	-87.5617
61	-87.5617	-87.5617	-87.5617	-87.5617
62	-87.5617	-87.5617	-87.5617	-87.5617
63	-87.5617	-87.5617	-87.5617	-87.5617
64	-87.5617	-87.5617	-87.5617	-87.5617
65	-87.5617	-87.5617	-87.5617	-87.5617
66	-87.5617	-87.5617	-87.5617	-87.5617
67	-87.5617	-87.5617	-87.5617	-87.5617
68	-87.5617	-87.5617	-87.5617	-87.5617
69	-87.5617	-87.5617	-87.5617	-87.5617
70	-87.5617	-87.5617	-87.5617	-87.5617
71	-87.5617	-87.5617	-87.5617	-87.5617
72	-87.5617	-87.5617	-87.5617	-87.5617
73	-87.5617	-87.5617	-87.5617	-87.5617
74	-87.5617	-87.5617	-87.5617	-87.5617
75	-87.5617	-87.5617	-87.5617	-87.5617
76	-87.5617	-87.5617	-87.5617	-87.5617
77	-87.5617	-87.5617	-87.5617	-87.5617
78	-87.5617	-87.5617	-87.5617	-87.5617
79	-87.5617	-87.5617	-87.5617	-87.5617
80	-87.5617	-87.5617	-87.5617	-87.5617
81	-87.5617	-87.5617	-87.5617	-87.5617
82	-87.5617	-87.5617	-87.5617	-87.5617
83	-87.5617	-87.5617	-87.5617	-87.5617
84	-87.5617	-87.5617	-87.5617	-87.5617
85	-87.5617	-87.5617	-87.5617	-87.5617
86	-87.5617	-87.5617	-87.5617	-87.5617
87	-87.5617	-87.5617	-87.5617	-87.5617
88	-87.5617	-87.5617	-87.5617	-87.5617
89	-87.5617	-87.5617	-87.5617	-87.5617
90	-87.5617	-87.5617	-87.5617	-87.5617
91	-87.5617	-87.5617	-87.5617	-87.5617
92	-87.5617	-87.5617	-87.5617	-87.5617
93	-87.5617	-87.5617	-87.5617	-87.5617
94	-87.5617	-87.5617	-87.5617	-87.5617
95	-87.5617	-87.5617	-87.5617	-87.5617
96	-87.5617	-87.5617	-87.5617	-87.5617
97	-87.5617	-87.5617	-87.5617	-87.5617
98	-87.5617	-87.5617	-87.5617	-87.5617
99	-87.5617	-87.5617	-87.5617	-87.5617
100	-87.5617	-87.5617	-87.5617	-87.5617
1	-85.694	-85.694	-85.4935	-85.5966
2	-87.1378	-86.7173	-86.2497	-87.1378
3	-87.1769	-86.7173	-87.1769	-87.1378
4	-87.1769	-86.8167	-87.1769	-87.1378
5	-87.1802	-86.8167	-87.1802	-87.1378
6	-87.1802	-86.8167	-87.1802	-87.1378
7	-87.1802	-86.8167	-87.1802	-87.1457
8	-87.1802	-86.8167	-87.1802	-87.1457
9	-87.2067	-86.8167	-87.2067	-87.1457
10	-87.2389	-86.8167	-87.2389	-87.1457
11	-87.2389	-87.0833	-87.2389	-87.2115
12	-87.3065	-87.0833	-87.3065	-87.2115
13	-87.3065	-87.0833	-87.3065	-87.2115
14	-87.3065	-87.1582	-87.3065	-87.2115
15	-87.3069	-87.1582	-87.3065	-87.3069
16	-87.5302	-87.2994	-87.5093	-87.5302
17	-87.5302	-87.2994	-87.5093	-87.5302
18	-87.5302	-87.333	-87.5093	-87.5302
19	-87.5302	-87.333	-87.5093	-87.5302
20	-87.5302	-87.5302	-87.5302	-87.5302
21	-87.5617	-87.5617	-87.5302	-87.5302
22	-87.5617	-87.5617	-87.5302	-87.5302
23	-87.5617	-87.5617	-87.5302	-87.5302
24	-87.5617	-87.5617	-87.5302	-87.5302
25	-87.5617	-87.5617	-87.5302	-87.5302
26	-87.5617	-87.5617	-87.5302	-87.5302
27	-87.5617	-87.5617	-87.5302	-87.5302
28	-87.5617	-87.5617	-87.5302	-87.5302
29	-87.5617	-87.5617	-87.5302	-87.5302
30	-87.5617	-87.5617	-87.5302	-87.5302
31	-87.5617	-87.5617	-87.5302	-87.5302
32	-87.5617	-87.5617	-87.5302	-87.5302
33	-87.5617	-87.5617	-87.5302	-87.5302
34	-87.5617	-87.5617	-87.5302	-87.5302
35	-87.5617	-87.5617	-87.5302	-87.5302
36	-87.5617	-87.5617	-87.5302	-87.5302
37	-87.5617	-87.5617	-87.5302	-87.5302
38	-87.5617	-87.5617	-87.5302	-87.5302
39	-87.5617	-87.5617	-87.5302	-87.5302
40	-87.5617	-87.5617	-87.5617	-87.5617
41	-87.5617	-87.5617	-87.5617	-87.5617
42	-87.5617	-87.5617	-87.5617	-87.5617
43	-87.5617	-87.5617	-87.5617	-87.5617
44	-87.5617	-87.5617	-87.5617	-87.5617
45	-87.5617	-87.5617	-87.5617	-87.5617
46	-87.5617	-87.5617	-87.5617	-87.5617
47	-87.5617	-87.5617	-87.5617	-87.5617
48	-87.5617	-87.5617	-87.5617	-87.5617
49	-87.5617	-87.5617	-87.5617	-87.5617
50	-87.5617	-87.5617	-87.5617	-87.5617
51	-87.5617	-87.5617	-87.5617	-87.5617
52	-87.5617	-87.5617	-87.5617	-87.5617
53	-87.5617	-87.5617	-87.5617	-87.5617
54	-87.5617	-87.5617	-87.5617	-87.5617
55	-87.5617	-87.5617	-87.5617	-87.5617
56	-87.5617	-87.5617	-87.5617	-87.5617
57	-87.5617	-87.5617	-87.5617	-87.5617
58	-87.5617	-87.5617	-87.5617	-87.5617
59	-87.5617	-87.5617	-87.5617	-87.5617
60	-87.5617	-87.5617	-87.5617	-87.5617
61	-87.5617	-87.5617	-87.5617	-87.5617
62	-87.5617	-87.5617	-87.5617	-87.5617
63	-87.5617	-87.5617	-87.5617	-87.5617
64	-87.5617	-87.5617	-87.5617	-87.5617
65	-87.5617	-87.5617	-87.5617	-87.5617
66	-87.5617	-87.5617	-87.5617	-87.5617
67	-87.5617	-87.5617	-87.5617	-87.5617
68	-87.5617	-87.5617	-87.5617	-87.5617
69	-87.5617	-87.5617	-87.5617	-87.5617
70	-87.5617	-87.5617	-87.5617	-87.5617
71	-87.5617	-87.5617	-87.5617	-87.5617
72	-87.5617	-87.5617	-87.5617	-87.5617
73	-87.5617	-87.5617	-87.5617	-87.5617
74	-87.5617	-87.5617	-87.5617	-87.5617
75	-87.5617	-87.5617	-87.5617	-87.5617
76	-87.5617	-87.5617	-87.5617	-87.5617
77	-87.5617	-87.5617	-87.5617	-87.5617
78	-87.5617	-87.5617	-87.5617	-87.5617
79	-87.5617	-87.5617	-87.5617	-87.5617
80	-87.5617	-87.5617	-87.5617	-87.5617
81	-87.5617	-87.5617	-87.5617	-87.5617
82	-87.5617	-87.5617	-87.5617	-87.5617
83	-87.5617	-87.5617	-87.5617	-87.5617
84	-87.5617	-87.5617	-87.5617	-87.5617
85	-87.5617	-87.5617	-87.5617	-87.5617
86	-87.5617	-87.5617	-87.5617	-87.5617
87	-87.5617	-87.5617	-87.5617	-87.5617
88	-87.5617	-87.5617	-87.5617	-87.5617
89	-87.5617	-87.5617	-87.5617	-87.5617
90	-87.5617	-87.5617	-87.5617	-87.5617
91	-87.5617	-87.5617	-87.5617	-87.5617
92	-87.5617	-87.5617	-87.5617	-87.5617
93	-87.5617	-87.5617	-87.5617	-87.5617
94	-87.5617	-87.5617	-87.5617	-87.5617
95	-87.5617	-87.5617	-87.5617	-87.5617
96	-87.5617	-87.5617	-87.5617	-87.5617
97	-87.5617	-87.5617	-87.5617	-87.5617
98	-87.5617	-87.5617	-87.5617	-87.5617
99	-87.5617	-87.5617	-87.5617	-87.5617
100	-87.5617	-87.5617	-87.5617	-87.5617
1	-85.4562	-85.4562	-84.5231	-85.2474
2	-85.4586	-85.4586	-85.1336	-85.2474
3	-86.8863	-85.9614	-86.8863	-85.2474
4	-86.8863	-85.9614	-86.8863	-85.6447
5	-87.0573	-85.9614	-87.0573	-85.6447
6	-87.1178	-86.1803	-87.1178	-85.9171
7	-87.1178	-86.1803	-87.1178	-85.9171
8	-87.1178	-86.1803	-87.1178	-86.028
9	-87.1178	-86.3396	-87.1178	-86.1871
10	-87.1178	-86.3396	-87.1178	-86.1871
11	-87.2318	-86.3396	-87.2318	-86.1871
12	-87.2318	-86.3396	-87.2318	-87.0827
13	-87.4103	-86.3396	-87.4103	-87.0827
14	-87.4783	-86.7077	-87.4783	-87.0827
15	-87.4783	-86.7077	-87.4783	-87.0827
16	-87.498	-86.7077	-87.498	-87.0827
17	-87.498	-86.7495	-87.498	-87.1097
18	-87.5287	-86.8092	-87.5287	-87.146
19	-87.5287	-86.9494	-87.5287	-87.146
20	-87.5287	-87.5287	-87.5287	-87.5287
21	-87.5287	-87.5287	-87.5287	-87.5287
22	-87.5287	-87.5287	-87.5287	-87.5287
23	-87.5302	-87.5287	-87.5302	-87.5287
24	-87.5617	-87.5617	-87.5302	-87.5302
25	-87.5617	-87.5617	-87.5302	-87.5302
26	-87.5617	-87.5617	-87.5302	-87.5302
27	-87.5617	-87.5617	-87.5302	-87.5302
28	-87.5617	-87.5617	-87.5302	-87.5302
29	-87.5617	-87.5617	-87.5302	-87.5302
30	-87.5617	-87.5617	-87.5302	-87.5302
31	-87.5617	-87.5617	-87.5302	-87.5617
32	-87.5617	-87.5617	-87.5302	-87.5617
33	-87.5617	-87.5617	-87.5302	-87.5617
34	-87.5617	-87.5617	-87.5617	-87.5617
35	-87.5617	-87.5617	-87.5617	-87.5617
36	-87.5617	-87.5617	-87.5617	-87.5617
37	-87.5617	-87.5617	-87.5617	-87.5617
38	-87.5617	-87.5617	-87.5617	-87.5617
39	-87.5617	-87.5617	-87.5617	-87.5617
40	-87.5617	-87.5617	-87.5617	-87.5617
41	-87.5617	-87.5617	-87.5617	-87.5617
42	-87.5617	-87.5617	-87.5617	-87.5617
43	-87.5617	-87.5617	-87.5617	-87.5617
44	-87.5617	-87.5617	-87.5617	-87.5617
45	-87.5617	-87.5617	-87.5617	-87.5617
46	-87.5617	-87.5617	-87.5617	-87.5617
47	-87.5617	-87.5617	-87.5617	-87.5617
48	-87.5617	-87.5617	-87.5617	-87.5617
49	-87.5617	-87.5617	-87.5617	-87.5617
50	-87.5617	-87.5617	-87.5617	-87.5617
51	-87.5617	-87.5617	-87.5617	-87.5617
52	-87.5617	-87.5617	-87.5617	-87.5617
53	-87.5617	-87.5617	-87.5617	-87.5617
54	-87.5617	-87.5617	-87.5617	-87.5617
55	-87.5617	-87.5617	-87.5617	-87.5617
56	-87.5617	-87.5617	-87.5617	-87.5617
57	-87.5617	-87.5617	-87.5617	-87.5617
58	-87.5617	-87.5617	-87.5617	-87.5617
59	-87.5617	-87.5617	-87.5617	-87.5617
60	-87.5617	-87.5617	-87.5617	-87.5617
61	-87.5617	-87.5617	-87.5617	-87.5617
62	-87.5617	-87.5617	-87.5617	-87.5617
63	-87.5617	-87.5617	-87.5617	-87.5617
64	-87.5617	-87.5617	-87.5617	-87.5617
65	-87.5617	-87.5617	-87.5617	-87.5617
66	-87.5617	-87.5617	-87.5617	-87.5617
67	-87.5617	-87.5617	-87.5617	-87.5617
68	-87.5617	-87.5617	-87.5617	-87.5617
69	-87.5617	-87.5617	-87.5617	-87.5617
70	-87.5617	-87.5617	-87.5617	-87.5617
71	-87.5617	-87.5617	-87.5617	-87.5617
72	-87.5617	-87.5617	-87.5617	-87.5617
73	-87.5617	-87.5617	-87.5617	-87.5617
74	-87.5617	-87.5617	-87.5617	-87.5617
75	-87.5617	-87.5617	-87.5617	-87.5617
76	-87.5617	-87.5617	-87.5617	-87.5617
77	-87.5617	-87.5617	-87.5617	-87.5617
78	-87.5617	-87.5617	-87.5617	-87.5617
79	-87.5617	-87.5617	-87.5617	-87.5617
80	-87.5617	-87.5617	-87.5617	-87.5617
81	-87.5617	-87.5617	-87.5617	-87.5617
82	-87.5617	-87.5617	-87.5617	-87.5617
83	-87.5617	-87.5617	-87.5617	-87.5617
84	-87.5617	-87.5617	-87.5617	-87.5617
85	-87.5617	-87.5617	-87.5617	-87.5617
86	-87.5617	-87.5617	-87.5617	-87.5617
87	-87.5617	-87.5617	-87.5617	-87.5617
88	-87.5617	-87.5617	-87.5617	-87.5617
89	-87.5617	-87.5617	-87.5617	-87.5617
90	-87.5617	-87.5617	-87.5617	-87.5617
91	-87.5617	-87.5617	-87.5617	-87.5617
92	-87.5617	-87.5617	-87.5617	-87.5617
93	-87.5617	-87.5617	-87.5617	-87.5617
94	-87.5617	-87.5617	-87.5617	-87.5617
95	-87.5617	-87.5617	-87.5617	-87.5617
96	-87.5617	-87.5617	-87.5617	-87.5617
97	-87.5617	-87.5617	-87.5617	-87.5617
98	-87.5617	-87.5617	-87.5617	-87.5617
99	-87.5617	-87.5617	-87.5617	-87.5617
100	-87.5617	-87.5617	-87.5617	-87.5617
