1	-9446.28	-9446.28	-9418.54	-9407.94
2	-9446.28	-9446.28	-9421.4	-9422.21
3	-9448.32	-9448.32	-9421.4	-9422.21
4	-9448.32	-9448.32	-9421.4	-9422.95
5	-9457.14	-9457.14	-9422.54	-9426.03
6	-9457.7	-9457.7	-9422.55	-9426.03
7	-9457.7	-9457.7	-9429.75	-9426.03
8	-9462.11	-9457.7	-9429.75	-9462.11
9	-9462.11	-9457.7	-9429.75	-9462.11
10	-9462.11	-9457.75	-9433.51	-9462.11
11	-9462.45	-9457.75	-9433.51	-9462.45
12	-9462.81	-9461.31	-9437.25	-9462.81
13	-9462.81	-9461.31	-9437.25	-9462.81
14	-9462.81	-9461.31	-9437.25	-9462.81
15	-9462.81	-9461.31	-9437.25	-9462.81
16	-9462.81	-9461.31	-9437.25	-9462.81
17	-9462.81	-9461.75	-9437.25	-9462.81
18	-9462.81	-9461.75	-9437.25	-9462.81
19	-9462.81	-9461.75	-9437.25	-9462.81
20	-9462.81	-9462.81	-9462.81	-9462.81
21	-9466.14	-9466.14	-9464.45	-9462.81
22	-9466.14	-9466.14	-9465.36	-9462.81
23	-9466.14	-9466.14	-9465.36	-9462.81
24	-9466.14	-9466.14	-9465.36	-9463.92
25	-9466.39	-9466.39	-9465.36	-9463.92
26	-9466.39	-9466.39	-9465.36	-9463.92
27	-9470.49	-9466.39	-9470.49	-9463.92
28	-9470.49	-9468.74	-9470.49	-9469.57
29	-9470.49	-9468.74	-9470.49	-9470.01
30	-9476.35	-9476.35	-9470.49	-9470.01
31	-9476.35	-9476.35	-9470.49	-9470.01
32	-9476.35	-9476.35	-9470.49	-9470.01
33	-9476.35	-9476.35	-9470.49	-9470.01
34	-9476.35	-9476.35	-9470.49	-9470.01
35	-9476.35	-9476.35	-9470.49	-9470.01
36	-9476.35	-9476.35	-9470.49	-9470.01
37	-9476.42	-9476.42	-9470.49	-9470.01
38	-9476.42	-9476.42	-9470.49	-9470.01
39	-9476.42	-9476.42	-9470.49	-9470.01
40	-9477.16	-9477.16	-9477.16	-9477.16
41	-9477.6	-9477.16	-9477.6	-9477.16
42	-9477.6	-9477.48	-9477.6	-9477.16
43	-9477.6	-9477.48	-9477.6	-9477.16
44	-9478.15	-9477.48	-9477.6	-9478.15
45	-9478.15	-9477.6	-9477.6	-9478.15
46	-9478.15	-9477.6	-9477.6	-9478.15
47	-9478.15	-9477.6	-9477.6	-9478.15
48	-9478.15	-9477.6	-9477.6	-9478.15
49	-9478.15	-9477.6	-9477.6	-9478.15
50	-9478.15	-9477.6	-9477.6	-9478.15
51	-9478.15	-9477.6	-9477.6	-9478.15
52	-9478.15	-9477.6	-9477.6	-9478.15
53	-9478.15	-9477.6	-9477.6	-9478.15
54	-9478.15	-9477.6	-9477.7	-9478.15
55	-9478.15	-9477.6	-9477.7	-9478.15
56	-9478.15	-9477.6	-9477.7	-9478.15
57	-9478.15	-9477.6	-9477.7	-9478.15
58	-9478.15	-9477.6	-9477.7	-9478.15
59	-9478.15	-9477.6	-9477.7	-9478.15
60	-9478.15	-9478.15	-9478.15	-9478.15
61	-9478.62	-9478.62	-9478.15	-9478.15
62	-9478.62	-9478.62	-9478.15	-9478.15
63	-9478.62	-9478.62	-9478.15	-9478.15
64	-9478.62	-9478.62	-9478.62	-9478.15
65	-9478.62	-9478.62	-9478.62	-9478.15
66	-9478.62	-9478.62	-9478.62	-9478.15
67	-9478.62	-9478.62	-9478.62	-9478.15
68	-9478.62	-9478.62	-9478.62	-9478.22
69	-9478.62	-9478.62	-9478.62	-9478.22
70	-9478.62	-9478.62	-9478.62	-9478.22
71	-9478.62	-9478.62	-9478.62	-9478.22
72	-9478.62	-9478.62	-9478.62	-9478.22
73	-9478.62	-9478.62	-9478.62	-9478.22
74	-9478.62	-9478.62	-9478.62	-9478.22
75	-9478.62	-9478.62	-9478.62	-9478.22
76	-9478.62	-9478.62	-9478.62	-9478.22
77	-9478.62	-9478.62	-9478.62	-9478.22
78	-9478.62	-9478.62	-9478.62	-9478.22
79	-9478.65	-9478.62	-9478.65	-9478.22
80	-9478.65	-9478.65	-9478.65	-9478.65
81	-9478.65	-9478.65	-9478.65	-9478.65
82	-9478.65	-9478.65	-9478.65	-9478.65
83	-9478.65	-9478.65	-9478.65	-9478.65
84	-9478.65	-9478.65	-9478.65	-9478.65
85	-9478.65	-9478.65	-9478.65	-9478.65
86	-9478.65	-9478.65	-9478.65	-9478.65
87	-9478.65	-9478.65	-9478.65	-9478.65
88	-9478.65	-9478.65	-9478.65	-9478.65
89	-9478.65	-9478.65	-9478.65	-9478.65
90	-9478.65	-9478.65	-9478.65	-9478.65
91	-9478.65	-9478.65	-9478.65	-9478.65
92	-9478.91	-9478.65	-9478.91	-9478.65
93	-9478.91	-9478.65	-9478.91	-9478.65
94	-9478.91	-9478.65	-9478.91	-9478.65
95	-9478.91	-9478.65	-9478.91	-9478.65
96	-9478.91	-9478.65	-9478.91	-9478.65
97	-9478.91	-9478.65	-9478.91	-9478.65
98	-9478.91	-9478.65	-9478.91	-9478.65
99	-9478.91	-9478.65	-9478.91	-9478.65
100	-9478.91	-9478.91	-9478.91	-9478.91
1	-9422.47	-9422.47	-9417.3	-9405.04
2	-9426.21	-9422.47	-9426.02	-9426.21
3	-9426.21	-9422.47	-9426.02	-9426.21
4	-9426.21	-9422.47	-9426.02	-9426.21
5	-9431.98	-9424.03	-9431.98	-9426.36
6	-9431.98	-9424.03	-9431.98	-9426.36
7	-9432.57	-9424.03	-9432.57	-9426.36
8	-9432.73	-9425.11	-9432.73	-9428.13
9	-9432.73	-9426.06	-9432.73	-9428.13
10	-9432.73	-9426.06	-9432.73	-9428.13
11	-9432.73	-9426.06	-9432.73	-9428.13
12	-9448.21	-9426.06	-9433.06	-9448.21
13	-9458.14	-9426.06	-9433.06	-9458.14
14	-9458.14	-9433.41	-9433.06	-9458.14
15	-9460.43	-9433.41	-9436.61	-9460.43
16	-9462.31	-9435.99	-9436.85	-9462.31
17	-9465.83	-9435.99	-9436.85	-9465.83
18	-9465.83	-9437.07	-9436.85	-9465.83
19	-9465.83	-9437.07	-9456.7	-9465.83
20	-9465.83	-9465.83	-9465.83	-9465.83
21	-9465.83	-9465.83	-9465.83	-9465.83
22	-9465.83	-9465.83	-9465.83	-9465.83
23	-9467.41	-9465.83	-9467.41	-9465.83
24	-9468.95	-9465.83	-9468.95	-9465.83
25	-9468.95	-9468.68	-9468.95	-9465.83
26	-9469.95	-9468.68	-9469.95	-9465.83
27	-9470.5	-9468.68	-9470.5	-9465.83
28	-9475.02	-9468.68	-9470.5	-9475.02
29	-9475.02	-9468.68	-9470.5	-9475.02
30	-9475.02	-9468.68	-9470.5	-9475.02
31	-9475.02	-9468.68	-9470.5	-9475.02
32	-9475.02	-9468.74	-9470.5	-9475.02
33	-9475.02	-9468.74	-9470.5	-9475.02
34	-9475.02	-9468.74	-9470.5	-9475.02
35	-9476.08	-9468.74	-9476.08	-9475.02
36	-9476.08	-9468.74	-9476.08	-9475.02
37	-9476.58	-9474.26	-9476.58	-9475.02
38	-9476.6	-9474.26	-9476.58	-9476.6
39	-9476.6	-9474.26	-9476.58	-9476.6
40	-9476.6	-9476.6	-9476.6	-9476.6
41	-9476.6	-9476.6	-9476.6	-9476.6
42	-9477.28	-9476.6	-9476.6	-9477.28
43	-9477.28	-9476.6	-9477.28	-9477.28
44	-9477.28	-9476.6	-9477.28	-9477.28
45	-9477.28	-9476.6	-9477.28	-9477.28
46	-9478.14	-9476.6	-9478.14	-9477.28
47	-9478.14	-9476.6	-9478.14	-9477.28
48	-9478.14	-9476.6	-9478.14	-9477.28
49	-9478.14	-9476.6	-9478.14	-9477.28
50	-9478.14	-9477.85	-9478.14	-9477.72
51	-9478.14	-9477.85	-9478.14	-9477.72
52	-9478.14	-9477.85	-9478.14	-9477.72
53	-9478.14	-9477.85	-9478.14	-9477.72
54	-9478.14	-9477.85	-9478.14	-9477.72
55	-9478.14	-9477.85	-9478.14	-9477.72
56	-9478.14	-9477.85	-9478.14	-9477.72
57	-9478.14	-9477.85	-9478.14	-9477.72
58	-9478.14	-9477.85	-9478.14	-9477.72
59	-9478.14	-9477.85	-9478.14	-9477.72
60	-9478.14	-9478.14	-9478.14	-9478.14
61	-9478.14	-9478.14	-9478.14	-9478.14
62	-9478.34	-9478.14	-9478.14	-9478.34
63	-9478.34	-9478.14	-9478.14	-9478.34
64	-9478.34	-9478.14	-9478.14	-9478.34
65	-9478.34	-9478.14	-9478.14	-9478.34
66	-9478.34	-9478.14	-9478.14	-9478.34
67	-9478.34	-9478.14	-9478.14	-9478.34
68	-9478.34	-9478.14	-9478.14	-9478.34
69	-9478.49	-9478.14	-9478.49	-9478.34
70	-9478.49	-9478.14	-9478.49	-9478.34
71	-9478.49	-9478.14	-9478.49	-9478.34
72	-9478.49	-9478.14	-9478.49	-9478.34
73	-9478.49	-9478.14	-9478.49	-9478.34
74	-9478.49	-9478.14	-9478.49	-9478.34
75	-9478.49	-9478.14	-9478.49	-9478.34
76	-9478.59	-9478.14	-9478.59	-9478.34
77	-9478.59	-9478.14	-9478.59	-9478.34
78	-9478.59	-9478.14	-9478.59	-9478.34
79	-9478.59	-9478.14	-9478.59	-9478.34
80	-9478.59	-9478.59	-9478.59	-9478.59
81	-9478.59	-9478.59	-9478.59	-9478.59
82	-9478.59	-9478.59	-9478.59	-9478.59
83	-9478.59	-9478.59	-9478.59	-9478.59
84	-9478.59	-9478.59	-9478.59	-9478.59
85	-9478.59	-9478.59	-9478.59	-9478.59
86	-9478.59	-9478.59	-9478.59	-9478.59
87	-9478.59	-9478.59	-9478.59	-9478.59
88	-9478.59	-9478.59	-9478.59	-9478.59
89	-9478.59	-9478.59	-9478.59	-9478.59
90	-9478.59	-9478.59	-9478.59	-9478.59
91	-9478.59	-9478.59	-9478.59	-9478.59
92	-9478.59	-9478.59	-9478.59	-9478.59
93	-9478.59	-9478.59	-9478.59	-9478.59
94	-9478.59	-9478.59	-9478.59	-9478.59
95	-9478.59	-9478.59	-9478.59	-9478.59
96	-9478.59	-9478.59	-9478.59	-9478.59
97	-9478.59	-9478.59	-9478.59	-9478.59
98	-9478.59	-9478.59	-9478.59	-9478.59
99	-9478.59	-9478.59	-9478.59	-9478.59
100	-9478.59	-9478.59	-9478.59	-9478.59
1	-9422.11	-9419.59	-9422.11	-9417.98
2	-9422.11	-9419.59	-9422.11	-9418.35
3	-9424.43	-9424.43	-9422.11	-9418.35
4	-9449.62	-9424.43	-9449.62	-9424.85
5	-9452.92	-9424.49	-9452.92	-9426.7
6	-9452.92	-9424.49	-9452.92	-9426.7
7	-9452.92	-9424.49	-9452.92	-9426.7
8	-9464.55	-9424.49	-9464.55	-9426.7
9	-9469.16	-9429.14	-9469.16	-9426.7
10	-9469.16	-9429.14	-9469.16	-9435.5
11	-9469.75	-9430.2	-9469.75	-9435.5
12	-9469.75	-9430.2	-9469.75	-9440.85
13	-9469.75	-9436.57	-9469.75	-9440.85
14	-9469.75	-9436.57	-9469.75	-9440.85
15	-9469.75	-9436.57	-9469.75	-9440.85
16	-9469.75	-9436.57	-9469.75	-9440.85
17	-9471.81	-9436.57	-9471.81	-9440.85
18	-9471.86	-9436.57	-9471.86	-9440.85
19	-9471.86	-9436.57	-9471.86	-9440.85
20	-9471.86	-9471.86	-9471.86	-9471.86
21	-9471.86	-9471.86	-9471.86	-9471.86
22	-9471.86	-9471.86	-9471.86	-9471.86
23	-9474.93	-9474.93	-9471.86	-9471.86
24	-9474.93	-9474.93	-9471.86	-9471.86
25	-9474.93	-9474.93	-9471.86	-9471.86
26	-9476.18	-9474.93	-9476.18	-9471.86
27	-9476.18	-9474.93	-9476.18	-9471.86
28	-9476.18	-9474.93	-9476.18	-9471.86
29	-9477.51	-9474.93	-9477.51	-9471.86
30	-9477.51	-9474.93	-9477.51	-9471.86
31	-9477.51	-9474.93	-9477.51	-9471.86
32	-9477.51	-9476.51	-9477.51	-9471.86
33	-9477.51	-9476.51	-9477.51	-9474.93
34	-9477.76	-9476.51	-9477.76	-9475.58
35	-9477.76	-9476.51	-9477.76	-9475.58
36	-9477.76	-9476.51	-9477.76	-9475.58
37	-9477.76	-9476.51	-9477.76	-9476.8
38	-9477.76	-9476.51	-9477.76	-9476.8
39	-9477.76	-9476.51	-9477.76	-9476.8
40	-9477.76	-9477.76	-9477.76	-9477.76
41	-9477.94	-9477.94	-9477.76	-9477.76
42	-9477.94	-9477.94	-9477.76	-9477.76
43	-9478.2	-9477.94	-9478.2	-9477.76
44	-9478.2	-9477.94	-9478.2	-9477.76
45	-9478.2	-9477.94	-9478.2	-9477.76
46	-9478.2	-9477.94	-9478.2	-9477.76
47	-9478.2	-9477.94	-9478.2	-9477.76
48	-9478.2	-9477.94	-9478.2	-9477.76
49	-9478.49	-9477.94	-9478.49	-9477.76
50	-9478.49	-9477.94	-9478.49	-9477.76
51	-9478.49	-9477.94	-9478.49	-9477.76
52	-9478.49	-9477.94	-9478.49	-9477.76
53	-9478.49	-9477.94	-9478.49	-9477.76
54	-9478.49	-9477.94	-9478.49	-9477.76
55	-9478.49	-9477.94	-9478.49	-9477.76
56	-9478.49	-9477.94	-9478.49	-9477.76
57	-9478.54	-9477.94	-9478.54	-9477.76
58	-9478.54	-9477.94	-9478.54	-9477.76
59	-9478.54	-9477.94	-9478.54	-9477.76
60	-9478.59	-9478.59	-9478.59	-9478.59
61	-9478.59	-9478.59	-9478.59	-9478.59
62	-9478.59	-9478.59	-9478.59	-9478.59
63	-9478.59	-9478.59	-9478.59	-9478.59
64	-9478.59	-9478.59	-9478.59	-9478.59
65	-9478.59	-9478.59	-9478.59	-9478.59
66	-9478.59	-9478.59	-9478.59	-9478.59
67	-9478.59	-9478.59	-9478.59	-9478.59
68	-9478.59	-9478.59	-9478.59	-9478.59
69	-9478.62	-9478.59	-9478.62	-9478.59
70	-9478.62	-9478.59	-9478.62	-9478.59
71	-9478.62	-9478.59	-9478.62	-9478.59
72	-9478.62	-9478.59	-9478.62	-9478.59
73	-9478.62	-9478.59	-9478.62	-9478.59
74	-9478.62	-9478.59	-9478.62	-9478.59
75	-9478.62	-9478.59	-9478.62	-9478.59
76	-9478.62	-9478.59	-9478.62	-9478.59
77	-9478.62	-9478.59	-9478.62	-9478.59
78	-9478.62	-9478.59	-9478.62	-9478.59
79	-9478.62	-9478.59	-9478.62	-9478.59
80	-9478.62	-9478.62	-9478.62	-9478.62
81	-9478.62	-9478.62	-9478.62	-9478.62
82	-9478.62	-9478.62	-9478.62	-9478.62
83	-9478.62	-9478.62	-9478.62	-9478.62
84	-9478.65	-9478.62	-9478.65	-9478.62
85	-9478.65	-9478.62	-9478.65	-9478.62
86	-9478.65	-9478.62	-9478.65	-9478.62
87	-9478.65	-9478.62	-9478.65	-9478.62
88	-9478.65	-9478.62	-9478.65	-9478.62
89	-9478.65	-9478.62	-9478.65	-9478.62
90	-9478.65	-9478.62	-9478.65	-9478.62
91	-9478.65	-9478.62	-9478.65	-9478.62
92	-9478.65	-9478.62	-9478.65	-9478.62
93	-9478.65	-9478.62	-9478.65	-9478.62
94	-9478.65	-9478.62	-9478.65	-9478.62
95	-9478.65	-9478.62	-9478.65	-9478.62
96	-9478.91	-9478.62	-9478.91	-9478.62
97	-9478.91	-9478.62	-9478.91	-9478.62
98	-9478.91	-9478.62	-9478.91	-9478.62
99	-9478.91	-9478.62	-9478.91	-9478.62
100	-9478.91	-9478.91	-9478.91	-9478.91
