1	-175.083	-174.646	-174.929	-175.083
2	-175.098	-174.735	-175.098	-175.083
3	-175.149	-175.126	-175.149	-175.083
4	-175.381	-175.126	-175.381	-175.222
5	-175.381	-175.126	-175.381	-175.222
6	-175.615	-175.615	-175.445	-175.416
7	-175.615	-175.615	-175.597	-175.433
8	-175.615	-175.615	-175.597	-175.458
9	-175.615	-175.615	-175.597	-175.458
10	-175.615	-175.615	-175.608	-175.458
11	-175.649	-175.649	-175.608	-175.515
12	-175.649	-175.649	-175.608	-175.515
13	-175.649	-175.649	-175.608	-175.515
14	-175.649	-175.649	-175.608	-175.515
15	-175.649	-175.649	-175.608	-175.515
16	-175.649	-175.649	-175.608	-175.515
17	-175.649	-175.649	-175.608	-175.515
18	-175.767	-175.649	-175.767	-175.515
19	-176.081	-175.649	-176.081	-175.515
20	-176.081	-176.081	-176.081	-176.081
21	-176.09	-176.09	-176.081	-176.081
22	-176.136	-176.136	-176.081	-176.081
23	-176.136	-176.136	-176.088	-176.085
24	-176.136	-176.136	-176.132	-176.085
25	-176.182	-176.136	-176.182	-176.085
26	-176.193	-176.136	-176.193	-176.141
27	-176.193	-176.136	-176.193	-176.141
28	-176.193	-176.136	-176.193	-176.141
29	-176.193	-176.145	-176.193	-176.141
30	-176.193	-176.145	-176.193	-176.141
31	-176.193	-176.145	-176.193	-176.145
32	-176.193	-176.185	-176.193	-176.145
33	-176.193	-176.185	-176.193	-176.145
34	-176.193	-176.185	-176.193	-176.145
35	-176.193	-176.185	-176.193	-176.145
36	-176.193	-176.185	-176.193	-176.145
37	-176.193	-176.185	-176.193	-176.145
38	-176.193	-176.185	-176.193	-176.185
39	-176.193	-176.185	-176.193	-176.185
40	-176.193	-176.193	-176.193	-176.193
41	-176.193	-176.193	-176.193	-176.193
42	-176.193	-176.193	-176.193	-176.193
43	-176.193	-176.193	-176.193	-176.193
44	-176.193	-176.193	-176.193	-176.193
45	-176.193	-176.193	-176.193	-176.193
46	-176.193	-176.193	-176.193	-176.193
47	-176.193	-176.193	-176.193	-176.193
48	-176.193	-176.193	-176.193	-176.193
49	-176.193	-176.193	-176.193	-176.193
50	-176.193	-176.193	-176.193	-176.193
51	-176.193	-176.193	-176.193	-176.193
52	-176.193	-176.193	-176.193	-176.193
53	-176.193	-176.193	-176.193	-176.193
54	-176.237	-176.193	-176.237	-176.193
55	-176.237	-176.193	-176.237	-176.193
56	-176.237	-176.193	-176.237	-176.193
57	-176.246	-176.193	-176.246	-176.193
58	-176.246	-176.193	-176.246	-176.193
59	-176.246	-176.193	-176.246	-176.193
60	-176.246	-176.246	-176.246	-176.246
61	-176.246	-176.246	-176.246	-176.246
62	-176.246	-176.246	-176.246	-176.246
63	-176.248	-176.248	-176.246	-176.246
64	-176.248	-176.248	-176.248	-176.246
65	-176.248	-176.248	-176.248	-176.246
66	-176.248	-176.248	-176.248	-176.246
67	-176.248	-176.248	-176.248	-176.246
68	-176.248	-176.248	-176.248	-176.246
69	-176.248	-176.248	-176.248	-176.246
70	-176.248	-176.248	-176.248	-176.246
71	-176.248	-176.248	-176.248	-176.246
72	-176.248	-176.248	-176.248	-176.246
73	-176.248	-176.248	-176.248	-176.246
74	-176.248	-176.248	-176.248	-176.246
75	-176.248	-176.248	-176.248	-176.246
76	-176.248	-176.248	-176.248	-176.246
77	-176.248	-176.248	-176.248	-176.246
78	-176.278	-176.248	-176.248	-176.278
79	-176.278	-176.248	-176.248	-176.278
80	-176.278	-176.278	-176.278	-176.278
81	-176.278	-176.278	-176.278	-176.278
82	-176.278	-176.278	-176.278	-176.278
83	-176.278	-176.278	-176.278	-176.278
84	-176.278	-176.278	-176.278	-176.278
85	-176.278	-176.278	-176.278	-176.278
86	-176.278	-176.278	-176.278	-176.278
87	-176.278	-176.278	-176.278	-176.278
88	-176.278	-176.278	-176.278	-176.278
89	-176.278	-176.278	-176.278	-176.278
90	-176.278	-176.278	-176.278	-176.278
91	-176.278	-176.278	-176.278	-176.278
92	-176.278	-176.278	-176.278	-176.278
93	-176.278	-176.278	-176.278	-176.278
94	-176.278	-176.278	-176.278	-176.278
95	-176.278	-176.278	-176.278	-176.278
96	-176.278	-176.278	-176.278	-176.278
97	-176.278	-176.278	-176.278	-176.278
98	-176.278	-176.278	-176.278	-176.278
99	-176.278	-176.278	-176.278	-176.278
100	-176.278	-176.278	-176.278	-176.278
1	-175.153	-174.993	-175.091	-175.153
2	-175.449	-175.13	-175.091	-175.449
3	-175.449	-175.13	-175.254	-175.449
4	-175.498	-175.13	-175.498	-175.464
5	-175.532	-175.13	-175.532	-175.464
6	-175.532	-175.13	-175.532	-175.464
7	-175.601	-175.13	-175.601	-175.464
8	-175.601	-175.16	-175.601	-175.464
9	-175.604	-175.272	-175.604	-175.464
10	-175.614	-175.272	-175.604	-175.614
11	-175.614	-175.272	-175.604	-175.614
12	-175.614	-175.272	-175.604	-175.614
13	-175.614	-175.579	-175.604	-175.614
14	-175.614	-175.598	-175.604	-175.614
15	-175.614	-175.598	-175.604	-175.614
16	-175.614	-175.598	-175.607	-175.614
17	-175.614	-175.602	-175.607	-175.614
18	-175.614	-175.602	-175.607	-175.614
19	-175.614	-175.602	-175.607	-175.614
20	-175.682	-175.682	-175.682	-175.682
21	-175.682	-175.682	-175.682	-175.682
22	-175.711	-175.682	-175.682	-175.711
23	-175.711	-175.682	-175.682	-175.711
24	-175.729	-175.682	-175.729	-175.711
25	-175.729	-175.682	-175.729	-175.711
26	-175.729	-175.682	-175.729	-175.711
27	-175.729	-175.682	-175.729	-175.711
28	-175.729	-175.682	-175.729	-175.711
29	-175.729	-175.682	-175.729	-175.711
30	-175.729	-175.682	-175.729	-175.711
31	-175.729	-175.682	-175.729	-175.711
32	-175.774	-175.682	-175.729	-175.774
33	-175.774	-175.682	-175.729	-175.774
34	-175.774	-175.682	-175.729	-175.774
35	-175.774	-175.682	-175.729	-175.774
36	-175.774	-175.682	-175.729	-175.774
37	-175.774	-175.682	-175.734	-175.774
38	-176.089	-175.702	-176.089	-175.774
39	-176.089	-175.702	-176.089	-175.774
40	-176.089	-176.089	-176.089	-176.089
41	-176.089	-176.089	-176.089	-176.089
42	-176.093	-176.093	-176.089	-176.089
43	-176.129	-176.093	-176.129	-176.089
44	-176.132	-176.122	-176.132	-176.089
45	-176.133	-176.133	-176.133	-176.089
46	-176.133	-176.133	-176.133	-176.089
47	-176.144	-176.144	-176.135	-176.089
48	-176.144	-176.144	-176.135	-176.089
49	-176.144	-176.144	-176.135	-176.129
50	-176.199	-176.144	-176.199	-176.129
51	-176.199	-176.144	-176.199	-176.129
52	-176.199	-176.144	-176.199	-176.129
53	-176.199	-176.144	-176.199	-176.129
54	-176.237	-176.184	-176.237	-176.129
55	-176.237	-176.184	-176.237	-176.129
56	-176.238	-176.184	-176.238	-176.129
57	-176.238	-176.184	-176.238	-176.129
58	-176.238	-176.184	-176.238	-176.129
59	-176.238	-176.184	-176.238	-176.129
60	-176.238	-176.238	-176.238	-176.238
61	-176.248	-176.238	-176.238	-176.248
62	-176.248	-176.238	-176.238	-176.248
63	-176.271	-176.271	-176.238	-176.248
64	-176.271	-176.271	-176.238	-176.248
65	-176.271	-176.271	-176.24	-176.248
66	-176.271	-176.271	-176.24	-176.248
67	-176.271	-176.271	-176.24	-176.248
68	-176.271	-176.271	-176.24	-176.248
69	-176.271	-176.271	-176.24	-176.248
70	-176.271	-176.271	-176.24	-176.248
71	-176.271	-176.271	-176.24	-176.248
72	-176.274	-176.274	-176.24	-176.248
73	-176.278	-176.274	-176.278	-176.248
74	-176.278	-176.274	-176.278	-176.248
75	-176.278	-176.274	-176.278	-176.248
76	-176.278	-176.274	-176.278	-176.248
77	-176.278	-176.274	-176.278	-176.248
78	-176.278	-176.274	-176.278	-176.248
79	-176.278	-176.274	-176.278	-176.248
80	-176.278	-176.278	-176.278	-176.278
81	-176.278	-176.278	-176.278	-176.278
82	-176.278	-176.278	-176.278	-176.278
83	-176.278	-176.278	-176.278	-176.278
84	-176.278	-176.278	-176.278	-176.278
85	-176.278	-176.278	-176.278	-176.278
86	-176.278	-176.278	-176.278	-176.278
87	-176.278	-176.278	-176.278	-176.278
88	-176.278	-176.278	-176.278	-176.278
89	-176.278	-176.278	-176.278	-176.278
90	-176.278	-176.278	-176.278	-176.278
91	-176.278	-176.278	-176.278	-176.278
92	-176.278	-176.278	-176.278	-176.278
93	-176.278	-176.278	-176.278	-176.278
94	-176.278	-176.278	-176.278	-176.278
95	-176.278	-176.278	-176.278	-176.278
96	-176.278	-176.278	-176.278	-176.278
97	-176.278	-176.278	-176.278	-176.278
98	-176.278	-176.278	-176.278	-176.278
99	-176.278	-176.278	-176.278	-176.278
100	-176.278	-176.278	-176.278	-176.278
1	-175.056	-174.959	-175.056	-175.019
2	-175.298	-175.289	-175.128	-175.298
3	-175.354	-175.31	-175.171	-175.354
4	-175.508	-175.31	-175.251	-175.508
5	-175.508	-175.31	-175.366	-175.508
6	-175.508	-175.31	-175.394	-175.508
7	-175.508	-175.447	-175.394	-175.508
8	-175.508	-175.447	-175.394	-175.508
9	-175.508	-175.447	-175.397	-175.508
10	-175.508	-175.447	-175.397	-175.508
11	-175.508	-175.447	-175.397	-175.508
12	-175.839	-175.447	-175.397	-175.839
13	-175.839	-175.447	-175.397	-175.839
14	-175.839	-175.447	-175.397	-175.839
15	-175.839	-175.447	-175.397	-175.839
16	-175.839	-175.54	-175.493	-175.839
17	-175.839	-175.54	-175.672	-175.839
18	-175.839	-175.54	-175.697	-175.839
19	-175.839	-175.54	-175.698	-175.839
20	-175.839	-175.839	-175.839	-175.839
21	-176.083	-175.839	-176.083	-176.023
22	-176.083	-175.839	-176.083	-176.023
23	-176.091	-176.091	-176.083	-176.075
24	-176.091	-176.091	-176.083	-176.075
25	-176.091	-176.091	-176.083	-176.075
26	-176.091	-176.091	-176.083	-176.075
27	-176.091	-176.091	-176.083	-176.075
28	-176.091	-176.091	-176.083	-176.075
29	-176.138	-176.091	-176.138	-176.075
30	-176.138	-176.091	-176.138	-176.075
31	-176.138	-176.091	-176.138	-176.087
32	-176.138	-176.091	-176.138	-176.087
33	-176.182	-176.091	-176.182	-176.149
34	-176.182	-176.091	-176.182	-176.149
35	-176.182	-176.091	-176.182	-176.149
36	-176.182	-176.091	-176.182	-176.149
37	-176.182	-176.091	-176.182	-176.149
38	-176.182	-176.091	-176.182	-176.149
39	-176.189	-176.091	-176.189	-176.149
40	-176.189	-176.189	-176.189	-176.189
41	-176.192	-176.189	-176.189	-176.192
42	-176.192	-176.189	-176.189	-176.192
43	-176.192	-176.189	-176.189	-176.192
44	-176.192	-176.189	-176.189	-176.192
45	-176.192	-176.189	-176.192	-176.192
46	-176.192	-176.191	-176.192	-176.192
47	-176.192	-176.191	-176.192	-176.192
48	-176.192	-176.191	-176.192	-176.192
49	-176.192	-176.191	-176.192	-176.192
50	-176.192	-176.191	-176.192	-176.192
51	-176.248	-176.193	-176.192	-176.248
52	-176.248	-176.193	-176.192	-176.248
53	-176.248	-176.193	-176.192	-176.248
54	-176.248	-176.193	-176.192	-176.248
55	-176.248	-176.193	-176.192	-176.248
56	-176.248	-176.193	-176.192	-176.248
57	-176.248	-176.193	-176.192	-176.248
58	-176.248	-176.193	-176.192	-176.248
59	-176.248	-176.193	-176.192	-176.248
60	-176.248	-176.248	-176.248	-176.248
61	-176.248	-176.248	-176.248	-176.248
62	-176.248	-176.248	-176.248	-176.248
63	-176.248	-176.248	-176.248	-176.248
64	-176.248	-176.248	-176.248	-176.248
65	-176.248	-176.248	-176.248	-176.248
66	-176.248	-176.248	-176.248	-176.248
67	-176.248	-176.248	-176.248	-176.248
68	-176.248	-176.248	-176.248	-176.248
69	-176.248	-176.248	-176.248	-176.248
70	-176.248	-176.248	-176.248	-176.248
71	-176.248	-176.248	-176.248	-176.248
72	-176.248	-176.248	-176.248	-176.248
73	-176.248	-176.248	-176.248	-176.248
74	-176.248	-176.248	-176.248	-176.248
75	-176.248	-176.248	-176.248	-176.248
76	-176.248	-176.248	-176.248	-176.248
77	-176.248	-176.248	-176.248	-176.248
78	-176.248	-176.248	-176.248	-176.248
79	-176.248	-176.248	-176.248	-176.248
80	-176.248	-176.248	-176.248	-176.248
81	-176.248	-176.248	-176.248	-176.248
82	-176.248	-176.248	-176.248	-176.248
83	-176.248	-176.248	-176.248	-176.248
84	-176.248	-176.248	-176.248	-176.248
85	-176.248	-176.248	-176.248	-176.248
86	-176.248	-176.248	-176.248	-176.248
87	-176.248	-176.248	-176.248	-176.248
88	-176.248	-176.248	-176.248	-176.248
89	-176.248	-176.248	-176.248	-176.248
90	-176.248	-176.248	-176.248	-176.248
91	-176.248	-176.248	-176.248	-176.248
92	-176.248	-176.248	-176.248	-176.248
93	-176.248	-176.248	-176.248	-176.248
94	-176.248	-176.248	-176.248	-176.248
95	-176.248	-176.248	-176.248	-176.248
96	-176.248	-176.248	-176.248	-176.248
97	-176.248	-176.248	-176.248	-176.248
98	-176.278	-176.278	-176.248	-176.248
99	-176.278	-176.278	-176.248	-176.248
100	-176.278	-176.278	-176.278	-176.278
