1	-5966.66	-5966.66	-5963.89	-5965.69
2	-5966.66	-5966.66	-5965.76	-5965.69
3	-5970.62	-5970.62	-5966.66	-5965.69
4	-5970.86	-5970.62	-5966.66	-5970.86
5	-5970.86	-5970.62	-5970.62	-5970.86
6	-5970.86	-5970.62	-5970.62	-5970.86
7	-5970.86	-5970.86	-5970.62	-5970.86
8	-5970.86	-5970.86	-5970.62	-5970.86
9	-5970.86	-5970.86	-5970.62	-5970.86
10	-5970.86	-5970.86	-5970.62	-5970.86
11	-5970.86	-5970.86	-5970.62	-5970.86
12	-5970.86	-5970.86	-5970.62	-5970.86
13	-5970.86	-5970.86	-5970.62	-5970.86
14	-5970.86	-5970.86	-5970.62	-5970.86
15	-5970.86	-5970.86	-5970.62	-5970.86
16	-5970.86	-5970.86	-5970.62	-5970.86
17	-5970.86	-5970.86	-5970.86	-5970.86
18	-5970.86	-5970.86	-5970.86	-5970.86
19	-5970.86	-5970.86	-5970.86	-5970.86
20	-5970.86	-5970.86	-5970.86	-5970.86
21	-5970.86	-5970.86	-5970.86	-5970.86
22	-5970.86	-5970.86	-5970.86	-5970.86
23	-5970.86	-5970.86	-5970.86	-5970.86
24	-5970.86	-5970.86	-5970.86	-5970.86
25	-5970.86	-5970.86	-5970.86	-5970.86
26	-5970.86	-5970.86	-5970.86	-5970.86
27	-5970.86	-5970.86	-5970.86	-5970.86
28	-5970.86	-5970.86	-5970.86	-5970.86
29	-5970.86	-5970.86	-5970.86	-5970.86
30	-5970.86	-5970.86	-5970.86	-5970.86
31	-5970.86	-5970.86	-5970.86	-5970.86
32	-5970.86	-5970.86	-5970.86	-5970.86
33	-5970.86	-5970.86	-5970.86	-5970.86
34	-5970.86	-5970.86	-5970.86	-5970.86
35	-5970.86	-5970.86	-5970.86	-5970.86
36	-5970.86	-5970.86	-5970.86	-5970.86
37	-5970.86	-5970.86	-5970.86	-5970.86
38	-5970.86	-5970.86	-5970.86	-5970.86
39	-5970.86	-5970.86	-5970.86	-5970.86
40	-5970.86	-5970.86	-5970.86	-5970.86
41	-5970.86	-5970.86	-5970.86	-5970.86
42	-5970.86	-5970.86	-5970.86	-5970.86
43	-5970.86	-5970.86	-5970.86	-5970.86
44	-5970.86	-5970.86	-5970.86	-5970.86
45	-5970.86	-5970.86	-5970.86	-5970.86
46	-5970.86	-5970.86	-5970.86	-5970.86
47	-5970.86	-5970.86	-5970.86	-5970.86
48	-5970.86	-5970.86	-5970.86	-5970.86
49	-5970.86	-5970.86	-5970.86	-5970.86
50	-5970.86	-5970.86	-5970.86	-5970.86
51	-5970.86	-5970.86	-5970.86	-5970.86
52	-5970.86	-5970.86	-5970.86	-5970.86
53	-5970.86	-5970.86	-5970.86	-5970.86
54	-5970.86	-5970.86	-5970.86	-5970.86
55	-5970.86	-5970.86	-5970.86	-5970.86
56	-5970.86	-5970.86	-5970.86	-5970.86
57	-5970.86	-5970.86	-5970.86	-5970.86
58	-5970.86	-5970.86	-5970.86	-5970.86
59	-5970.86	-5970.86	-5970.86	-5970.86
60	-5970.86	-5970.86	-5970.86	-5970.86
61	-5970.86	-5970.86	-5970.86	-5970.86
62	-5970.86	-5970.86	-5970.86	-5970.86
63	-5970.86	-5970.86	-5970.86	-5970.86
64	-5970.86	-5970.86	-5970.86	-5970.86
65	-5970.86	-5970.86	-5970.86	-5970.86
66	-5970.86	-5970.86	-5970.86	-5970.86
67	-5970.86	-5970.86	-5970.86	-5970.86
68	-5970.86	-5970.86	-5970.86	-5970.86
69	-5970.86	-5970.86	-5970.86	-5970.86
70	-5970.86	-5970.86	-5970.86	-5970.86
71	-5970.86	-5970.86	-5970.86	-5970.86
72	-5970.86	-5970.86	-5970.86	-5970.86
73	-5970.86	-5970.86	-5970.86	-5970.86
74	-5970.86	-5970.86	-5970.86	-5970.86
75	-5970.86	-5970.86	-5970.86	-5970.86
76	-5970.86	-5970.86	-5970.86	-5970.86
77	-5970.86	-5970.86	-5970.86	-5970.86
78	-5970.86	-5970.86	-5970.86	-5970.86
79	-5970.86	-5970.86	-5970.86	-5970.86
80	-5970.86	-5970.86	-5970.86	-5970.86
81	-5970.86	-5970.86	-5970.86	-5970.86
82	-5970.86	-5970.86	-5970.86	-5970.86
83	-5970.86	-5970.86	-5970.86	-5970.86
84	-5970.86	-5970.86	-5970.86	-5970.86
85	-5970.86	-5970.86	-5970.86	-5970.86
86	-5970.86	-5970.86	-5970.86	-5970.86
87	-5970.86	-5970.86	-5970.86	-5970.86
88	-5970.86	-5970.86	-5970.86	-5970.86
89	-5970.86	-5970.86	-5970.86	-5970.86
90	-5970.86	-5970.86	-5970.86	-5970.86
91	-5970.86	-5970.86	-5970.86	-5970.86
92	-5970.86	-5970.86	-5970.86	-5970.86
93	-5970.86	-5970.86	-5970.86	-5970.86
94	-5970.86	-5970.86	-5970.86	-5970.86
95	-5970.86	-5970.86	-5970.86	-5970.86
96	-5970.86	-5970.86	-5970.86	-5970.86
97	-5970.86	-5970.86	-5970.86	-5970.86
98	-5970.86	-5970.86	-5970.86	-5970.86
99	-5970.86	-5970.86	-5970.86	-5970.86
100	-5970.86	-5970.86	-5970.86	-5970.86
1	-5970.86	-5964.33	-5970.86	-5965.3
2	-5970.86	-5966.66	-5970.86	-5966.66
3	-5970.86	-5966.66	-5970.86	-5966.66
4	-5970.86	-5966.66	-5970.86	-5970.86
5	-5970.86	-5966.66	-5970.86	-5970.86
6	-5970.86	-5970.62	-5970.86	-5970.86
7	-5970.86	-5970.62	-5970.86	-5970.86
8	-5970.86	-5970.62	-5970.86	-5970.86
9	-5970.86	-5970.62	-5970.86	-5970.86
10	-5970.86	-5970.62	-5970.86	-5970.86
11	-5970.86	-5970.62	-5970.86	-5970.86
12	-5970.86	-5970.62	-5970.86	-5970.86
13	-5970.86	-5970.62	-5970.86	-5970.86
14	-5970.86	-5970.62	-5970.86	-5970.86
15	-5970.86	-5970.62	-5970.86	-5970.86
16	-5970.86	-5970.62	-5970.86	-5970.86
17	-5970.86	-5970.62	-5970.86	-5970.86
18	-5970.86	-5970.86	-5970.86	-5970.86
19	-5970.86	-5970.86	-5970.86	-5970.86
20	-5970.86	-5970.86	-5970.86	-5970.86
21	-5970.86	-5970.86	-5970.86	-5970.86
22	-5970.86	-5970.86	-5970.86	-5970.86
23	-5970.86	-5970.86	-5970.86	-5970.86
24	-5970.86	-5970.86	-5970.86	-5970.86
25	-5970.86	-5970.86	-5970.86	-5970.86
26	-5970.86	-5970.86	-5970.86	-5970.86
27	-5970.86	-5970.86	-5970.86	-5970.86
28	-5970.86	-5970.86	-5970.86	-5970.86
29	-5970.86	-5970.86	-5970.86	-5970.86
30	-5970.86	-5970.86	-5970.86	-5970.86
31	-5970.86	-5970.86	-5970.86	-5970.86
32	-5970.86	-5970.86	-5970.86	-5970.86
33	-5970.86	-5970.86	-5970.86	-5970.86
34	-5970.86	-5970.86	-5970.86	-5970.86
35	-5970.86	-5970.86	-5970.86	-5970.86
36	-5970.86	-5970.86	-5970.86	-5970.86
37	-5970.86	-5970.86	-5970.86	-5970.86
38	-5970.86	-5970.86	-5970.86	-5970.86
39	-5970.86	-5970.86	-5970.86	-5970.86
40	-5970.86	-5970.86	-5970.86	-5970.86
41	-5970.86	-5970.86	-5970.86	-5970.86
42	-5970.86	-5970.86	-5970.86	-5970.86
43	-5970.86	-5970.86	-5970.86	-5970.86
44	-5970.86	-5970.86	-5970.86	-5970.86
45	-5970.86	-5970.86	-5970.86	-5970.86
46	-5970.86	-5970.86	-5970.86	-5970.86
47	-5970.86	-5970.86	-5970.86	-5970.86
48	-5970.86	-5970.86	-5970.86	-5970.86
49	-5970.86	-5970.86	-5970.86	-5970.86
50	-5970.86	-5970.86	-5970.86	-5970.86
51	-5970.86	-5970.86	-5970.86	-5970.86
52	-5970.86	-5970.86	-5970.86	-5970.86
53	-5970.86	-5970.86	-5970.86	-5970.86
54	-5970.86	-5970.86	-5970.86	-5970.86
55	-5970.86	-5970.86	-5970.86	-5970.86
56	-5970.86	-5970.86	-5970.86	-5970.86
57	-5970.86	-5970.86	-5970.86	-5970.86
58	-5970.86	-5970.86	-5970.86	-5970.86
59	-5970.86	-5970.86	-5970.86	-5970.86
60	-5970.86	-5970.86	-5970.86	-5970.86
61	-5970.86	-5970.86	-5970.86	-5970.86
62	-5970.86	-5970.86	-5970.86	-5970.86
63	-5970.86	-5970.86	-5970.86	-5970.86
64	-5970.86	-5970.86	-5970.86	-5970.86
65	-5970.86	-5970.86	-5970.86	-5970.86
66	-5970.86	-5970.86	-5970.86	-5970.86
67	-5970.86	-5970.86	-5970.86	-5970.86
68	-5970.86	-5970.86	-5970.86	-5970.86
69	-5970.86	-5970.86	-5970.86	-5970.86
70	-5970.86	-5970.86	-5970.86	-5970.86
71	-5970.86	-5970.86	-5970.86	-5970.86
72	-5970.86	-5970.86	-5970.86	-5970.86
73	-5970.86	-5970.86	-5970.86	-5970.86
74	-5970.86	-5970.86	-5970.86	-5970.86
75	-5970.86	-5970.86	-5970.86	-5970.86
76	-5970.86	-5970.86	-5970.86	-5970.86
77	-5970.86	-5970.86	-5970.86	-5970.86
78	-5970.86	-5970.86	-5970.86	-5970.86
79	-5970.86	-5970.86	-5970.86	-5970.86
80	-5970.86	-5970.86	-5970.86	-5970.86
81	-5970.86	-5970.86	-5970.86	-5970.86
82	-5970.86	-5970.86	-5970.86	-5970.86
83	-5970.86	-5970.86	-5970.86	-5970.86
84	-5970.86	-5970.86	-5970.86	-5970.86
85	-5970.86	-5970.86	-5970.86	-5970.86
86	-5970.86	-5970.86	-5970.86	-5970.86
87	-5970.86	-5970.86	-5970.86	-5970.86
88	-5970.86	-5970.86	-5970.86	-5970.86
89	-5970.86	-5970.86	-5970.86	-5970.86
90	-5970.86	-5970.86	-5970.86	-5970.86
91	-5970.86	-5970.86	-5970.86	-5970.86
92	-5970.86	-5970.86	-5970.86	-5970.86
93	-5970.86	-5970.86	-5970.86	-5970.86
94	-5970.86	-5970.86	-5970.86	-5970.86
95	-5970.86	-5970.86	-5970.86	-5970.86
96	-5970.86	-5970.86	-5970.86	-5970.86
97	-5970.86	-5970.86	-5970.86	-5970.86
98	-5970.86	-5970.86	-5970.86	-5970.86
99	-5970.86	-5970.86	-5970.86	-5970.86
100	-5970.86	-5970.86	-5970.86	-5970.86
1	-5966.66	-5966.66	-5966.66	-5965.69
2	-5966.66	-5966.66	-5966.66	-5966.66
3	-5966.66	-5966.66	-5966.66	-5966.66
4	-5970.86	-5970.86	-5966.66	-5966.66
5	-5970.86	-5970.86	-5970.62	-5966.66
6	-5970.86	-5970.86	-5970.62	-5966.66
7	-5970.86	-5970.86	-5970.62	-5970.86
8	-5970.86	-5970.86	-5970.62	-5970.86
9	-5970.86	-5970.86	-5970.62	-5970.86
10	-5970.86	-5970.86	-5970.86	-5970.86
11	-5970.86	-5970.86	-5970.86	-5970.86
12	-5970.86	-5970.86	-5970.86	-5970.86
13	-5970.86	-5970.86	-5970.86	-5970.86
14	-5970.86	-5970.86	-5970.86	-5970.86
15	-5970.86	-5970.86	-5970.86	-5970.86
16	-5970.86	-5970.86	-5970.86	-5970.86
17	-5970.86	-5970.86	-5970.86	-5970.86
18	-5970.86	-5970.86	-5970.86	-5970.86
19	-5970.86	-5970.86	-5970.86	-5970.86
20	-5970.86	-5970.86	-5970.86	-5970.86
21	-5970.86	-5970.86	-5970.86	-5970.86
22	-5970.86	-5970.86	-5970.86	-5970.86
23	-5970.86	-5970.86	-5970.86	-5970.86
24	-5970.86	-5970.86	-5970.86	-5970.86
25	-5970.86	-5970.86	-5970.86	-5970.86
26	-5970.86	-5970.86	-5970.86	-5970.86
27	-5970.86	-5970.86	-5970.86	-5970.86
28	-5970.86	-5970.86	-5970.86	-5970.86
29	-5970.86	-5970.86	-5970.86	-5970.86
30	-5970.86	-5970.86	-5970.86	-5970.86
31	-5970.86	-5970.86	-5970.86	-5970.86
32	-5970.86	-5970.86	-5970.86	-5970.86
33	-5970.86	-5970.86	-5970.86	-5970.86
34	-5970.86	-5970.86	-5970.86	-5970.86
35	-5970.86	-5970.86	-5970.86	-5970.86
36	-5970.86	-5970.86	-5970.86	-5970.86
37	-5970.86	-5970.86	-5970.86	-5970.86
38	-5970.86	-5970.86	-5970.86	-5970.86
39	-5970.86	-5970.86	-5970.86	-5970.86
40	-5970.86	-5970.86	-5970.86	-5970.86
41	-5970.86	-5970.86	-5970.86	-5970.86
42	-5970.86	-5970.86	-5970.86	-5970.86
43	-5970.86	-5970.86	-5970.86	-5970.86
44	-5970.86	-5970.86	-5970.86	-5970.86
45	-5970.86	-5970.86	-5970.86	-5970.86
46	-5970.86	-5970.86	-5970.86	-5970.86
47	-5970.86	-5970.86	-5970.86	-5970.86
48	-5970.86	-5970.86	-5970.86	-5970.86
49	-5970.86	-5970.86	-5970.86	-5970.86
50	-5970.86	-5970.86	-5970.86	-5970.86
51	-5970.86	-5970.86	-5970.86	-5970.86
52	-5970.86	-5970.86	-5970.86	-5970.86
53	-5970.86	-5970.86	-5970.86	-5970.86
54	-5970.86	-5970.86	-5970.86	-5970.86
55	-5970.86	-5970.86	-5970.86	-5970.86
56	-5970.86	-5970.86	-5970.86	-5970.86
57	-5970.86	-5970.86	-5970.86	-5970.86
58	-5970.86	-5970.86	-5970.86	-5970.86
59	-5970.86	-5970.86	-5970.86	-5970.86
60	-5970.86	-5970.86	-5970.86	-5970.86
61	-5970.86	-5970.86	-5970.86	-5970.86
62	-5970.86	-5970.86	-5970.86	-5970.86
63	-5970.86	-5970.86	-5970.86	-5970.86
64	-5970.86	-5970.86	-5970.86	-5970.86
65	-5970.86	-5970.86	-5970.86	-5970.86
66	-5970.86	-5970.86	-5970.86	-5970.86
67	-5970.86	-5970.86	-5970.86	-5970.86
68	-5970.86	-5970.86	-5970.86	-5970.86
69	-5970.86	-5970.86	-5970.86	-5970.86
70	-5970.86	-5970.86	-5970.86	-5970.86
71	-5970.86	-5970.86	-5970.86	-5970.86
72	-5970.86	-5970.86	-5970.86	-5970.86
73	-5970.86	-5970.86	-5970.86	-5970.86
74	-5970.86	-5970.86	-5970.86	-5970.86
75	-5970.86	-5970.86	-5970.86	-5970.86
76	-5970.86	-5970.86	-5970.86	-5970.86
77	-5970.86	-5970.86	-5970.86	-5970.86
78	-5970.86	-5970.86	-5970.86	-5970.86
79	-5970.86	-5970.86	-5970.86	-5970.86
80	-5970.86	-5970.86	-5970.86	-5970.86
81	-5970.86	-5970.86	-5970.86	-5970.86
82	-5970.86	-5970.86	-5970.86	-5970.86
83	-5970.86	-5970.86	-5970.86	-5970.86
84	-5970.86	-5970.86	-5970.86	-5970.86
85	-5970.86	-5970.86	-5970.86	-5970.86
86	-5970.86	-5970.86	-5970.86	-5970.86
87	-5970.86	-5970.86	-5970.86	-5970.86
88	-5970.86	-5970.86	-5970.86	-5970.86
89	-5970.86	-5970.86	-5970.86	-5970.86
90	-5970.86	-5970.86	-5970.86	-5970.86
91	-5970.86	-5970.86	-5970.86	-5970.86
92	-5970.86	-5970.86	-5970.86	-5970.86
93	-5970.86	-5970.86	-5970.86	-5970.86
94	-5970.86	-5970.86	-5970.86	-5970.86
95	-5970.86	-5970.86	-5970.86	-5970.86
96	-5970.86	-5970.86	-5970.86	-5970.86
97	-5970.86	-5970.86	-5970.86	-5970.86
98	-5970.86	-5970.86	-5970.86	-5970.86
99	-5970.86	-5970.86	-5970.86	-5970.86
100	-5970.86	-5970.86	-5970.86	-5970.86
