1	-3065.01	-3063.76	-3065.01	-3064.48
2	-3065.01	-3063.76	-3065.01	-3064.48
3	-3065.01	-3064.48	-3065.01	-3064.48
4	-3065.01	-3064.48	-3065.01	-3065.01
5	-3066.08	-3065.01	-3066.08	-3065.01
6	-3066.08	-3065.01	-3066.08	-3065.01
7	-3066.19	-3065.01	-3066.08	-3066.19
8	-3066.19	-3065.01	-3066.08	-3066.19
9	-3066.19	-3066.08	-3066.08	-3066.19
10	-3066.19	-3066.08	-3066.08	-3066.19
11	-3066.19	-3066.08	-3066.08	-3066.19
12	-3066.19	-3066.08	-3066.08	-3066.19
13	-3066.19	-3066.08	-3066.08	-3066.19
14	-3066.19	-3066.08	-3066.08	-3066.19
15	-3066.19	-3066.08	-3066.08	-3066.19
16	-3066.19	-3066.08	-3066.08	-3066.19
17	-3066.19	-3066.08	-3066.08	-3066.19
18	-3066.19	-3066.08	-3066.08	-3066.19
19	-3066.19	-3066.19	-3066.08	-3066.19
20	-3066.19	-3066.19	-3066.19	-3066.19
21	-3066.19	-3066.19	-3066.19	-3066.19
22	-3066.19	-3066.19	-3066.19	-3066.19
23	-3066.19	-3066.19	-3066.19	-3066.19
24	-3066.19	-3066.19	-3066.19	-3066.19
25	-3066.19	-3066.19	-3066.19	-3066.19
26	-3066.19	-3066.19	-3066.19	-3066.19
27	-3066.19	-3066.19	-3066.19	-3066.19
28	-3066.19	-3066.19	-3066.19	-3066.19
29	-3066.19	-3066.19	-3066.19	-3066.19
30	-3066.19	-3066.19	-3066.19	-3066.19
31	-3066.19	-3066.19	-3066.19	-3066.19
32	-3066.19	-3066.19	-3066.19	-3066.19
33	-3066.19	-3066.19	-3066.19	-3066.19
34	-3066.19	-3066.19	-3066.19	-3066.19
35	-3066.19	-3066.19	-3066.19	-3066.19
36	-3066.19	-3066.19	-3066.19	-3066.19
37	-3066.19	-3066.19	-3066.19	-3066.19
38	-3066.19	-3066.19	-3066.19	-3066.19
39	-3066.19	-3066.19	-3066.19	-3066.19
40	-3066.19	-3066.19	-3066.19	-3066.19
41	-3066.19	-3066.19	-3066.19	-3066.19
42	-3066.19	-3066.19	-3066.19	-3066.19
43	-3066.19	-3066.19	-3066.19	-3066.19
44	-3066.19	-3066.19	-3066.19	-3066.19
45	-3066.19	-3066.19	-3066.19	-3066.19
46	-3066.19	-3066.19	-3066.19	-3066.19
47	-3066.19	-3066.19	-3066.19	-3066.19
48	-3066.19	-3066.19	-3066.19	-3066.19
49	-3066.19	-3066.19	-3066.19	-3066.19
50	-3066.19	-3066.19	-3066.19	-3066.19
51	-3066.19	-3066.19	-3066.19	-3066.19
52	-3066.19	-3066.19	-3066.19	-3066.19
53	-3066.19	-3066.19	-3066.19	-3066.19
54	-3066.19	-3066.19	-3066.19	-3066.19
55	-3066.19	-3066.19	-3066.19	-3066.19
56	-3066.19	-3066.19	-3066.19	-3066.19
57	-3066.19	-3066.19	-3066.19	-3066.19
58	-3066.19	-3066.19	-3066.19	-3066.19
59	-3066.19	-3066.19	-3066.19	-3066.19
60	-3066.19	-3066.19	-3066.19	-3066.19
61	-3066.19	-3066.19	-3066.19	-3066.19
62	-3066.19	-3066.19	-3066.19	-3066.19
63	-3066.19	-3066.19	-3066.19	-3066.19
64	-3066.19	-3066.19	-3066.19	-3066.19
65	-3066.19	-3066.19	-3066.19	-3066.19
66	-3066.19	-3066.19	-3066.19	-3066.19
67	-3066.19	-3066.19	-3066.19	-3066.19
68	-3066.19	-3066.19	-3066.19	-3066.19
69	-3066.19	-3066.19	-3066.19	-3066.19
70	-3066.19	-3066.19	-3066.19	-3066.19
71	-3066.19	-3066.19	-3066.19	-3066.19
72	-3066.19	-3066.19	-3066.19	-3066.19
73	-3066.19	-3066.19	-3066.19	-3066.19
74	-3066.19	-3066.19	-3066.19	-3066.19
75	-3066.19	-3066.19	-3066.19	-3066.19
76	-3066.19	-3066.19	-3066.19	-3066.19
77	-3066.19	-3066.19	-3066.19	-3066.19
78	-3066.19	-3066.19	-3066.19	-3066.19
79	-3066.19	-3066.19	-3066.19	-3066.19
80	-3066.19	-3066.19	-3066.19	-3066.19
81	-3066.19	-3066.19	-3066.19	-3066.19
82	-3066.19	-3066.19	-3066.19	-3066.19
83	-3066.19	-3066.19	-3066.19	-3066.19
84	-3066.19	-3066.19	-3066.19	-3066.19
85	-3066.19	-3066.19	-3066.19	-3066.19
86	-3066.19	-3066.19	-3066.19	-3066.19
87	-3066.19	-3066.19	-3066.19	-3066.19
88	-3066.19	-3066.19	-3066.19	-3066.19
89	-3066.19	-3066.19	-3066.19	-3066.19
90	-3066.19	-3066.19	-3066.19	-3066.19
91	-3066.19	-3066.19	-3066.19	-3066.19
92	-3066.19	-3066.19	-3066.19	-3066.19
93	-3066.19	-3066.19	-3066.19	-3066.19
94	-3066.19	-3066.19	-3066.19	-3066.19
95	-3066.19	-3066.19	-3066.19	-3066.19
96	-3066.19	-3066.19	-3066.19	-3066.19
97	-3066.19	-3066.19	-3066.19	-3066.19
98	-3066.19	-3066.19	-3066.19	-3066.19
99	-3066.19	-3066.19	-3066.19	-3066.19
100	-3066.19	-3066.19	-3066.19	-3066.19
1	-3064.48	-3064.48	-3063.76	-3064.48
2	-3064.48	-3064.48	-3064.06	-3064.48
3	-3064.48	-3064.48	-3064.48	-3064.48
4	-3064.48	-3064.48	-3064.48	-3064.48
5	-3066.19	-3065.01	-3064.48	-3066.19
6	-3066.19	-3065.01	-3066.19	-3066.19
7	-3066.19	-3066.19	-3066.19	-3066.19
8	-3066.19	-3066.19	-3066.19	-3066.19
9	-3066.19	-3066.19	-3066.19	-3066.19
10	-3066.19	-3066.19	-3066.19	-3066.19
11	-3066.19	-3066.19	-3066.19	-3066.19
12	-3066.19	-3066.19	-3066.19	-3066.19
13	-3066.19	-3066.19	-3066.19	-3066.19
14	-3066.19	-3066.19	-3066.19	-3066.19
15	-3066.19	-3066.19	-3066.19	-3066.19
16	-3066.19	-3066.19	-3066.19	-3066.19
17	-3066.19	-3066.19	-3066.19	-3066.19
18	-3066.19	-3066.19	-3066.19	-3066.19
19	-3066.19	-3066.19	-3066.19	-3066.19
20	-3066.19	-3066.19	-3066.19	-3066.19
21	-3066.19	-3066.19	-3066.19	-3066.19
22	-3066.19	-3066.19	-3066.19	-3066.19
23	-3066.19	-3066.19	-3066.19	-3066.19
24	-3066.19	-3066.19	-3066.19	-3066.19
25	-3066.19	-3066.19	-3066.19	-3066.19
26	-3066.19	-3066.19	-3066.19	-3066.19
27	-3066.19	-3066.19	-3066.19	-3066.19
28	-3066.19	-3066.19	-3066.19	-3066.19
29	-3066.19	-3066.19	-3066.19	-3066.19
30	-3066.19	-3066.19	-3066.19	-3066.19
31	-3066.19	-3066.19	-3066.19	-3066.19
32	-3066.19	-3066.19	-3066.19	-3066.19
33	-3066.19	-3066.19	-3066.19	-3066.19
34	-3066.19	-3066.19	-3066.19	-3066.19
35	-3066.19	-3066.19	-3066.19	-3066.19
36	-3066.19	-3066.19	-3066.19	-3066.19
37	-3066.19	-3066.19	-3066.19	-3066.19
38	-3066.19	-3066.19	-3066.19	-3066.19
39	-3066.19	-3066.19	-3066.19	-3066.19
40	-3066.19	-3066.19	-3066.19	-3066.19
41	-3066.19	-3066.19	-3066.19	-3066.19
42	-3066.19	-3066.19	-3066.19	-3066.19
43	-3066.19	-3066.19	-3066.19	-3066.19
44	-3066.19	-3066.19	-3066.19	-3066.19
45	-3066.19	-3066.19	-3066.19	-3066.19
46	-3066.19	-3066.19	-3066.19	-3066.19
47	-3066.19	-3066.19	-3066.19	-3066.19
48	-3066.19	-3066.19	-3066.19	-3066.19
49	-3066.19	-3066.19	-3066.19	-3066.19
50	-3066.19	-3066.19	-3066.19	-3066.19
51	-3066.19	-3066.19	-3066.19	-3066.19
52	-3066.19	-3066.19	-3066.19	-3066.19
53	-3066.19	-3066.19	-3066.19	-3066.19
54	-3066.19	-3066.19	-3066.19	-3066.19
55	-3066.19	-3066.19	-3066.19	-3066.19
56	-3066.19	-3066.19	-3066.19	-3066.19
57	-3066.19	-3066.19	-3066.19	-3066.19
58	-3066.19	-3066.19	-3066.19	-3066.19
59	-3066.19	-3066.19	-3066.19	-3066.19
60	-3066.19	-3066.19	-3066.19	-3066.19
61	-3066.19	-3066.19	-3066.19	-3066.19
62	-3066.19	-3066.19	-3066.19	-3066.19
63	-3066.19	-3066.19	-3066.19	-3066.19
64	-3066.19	-3066.19	-3066.19	-3066.19
65	-3066.19	-3066.19	-3066.19	-3066.19
66	-3066.19	-3066.19	-3066.19	-3066.19
67	-3066.19	-3066.19	-3066.19	-3066.19
68	-3066.19	-3066.19	-3066.19	-3066.19
69	-3066.19	-3066.19	-3066.19	-3066.19
70	-3066.19	-3066.19	-3066.19	-3066.19
71	-3066.19	-3066.19	-3066.19	-3066.19
72	-3066.19	-3066.19	-3066.19	-3066.19
73	-3066.19	-3066.19	-3066.19	-3066.19
74	-3066.19	-3066.19	-3066.19	-3066.19
75	-3066.19	-3066.19	-3066.19	-3066.19
76	-3066.19	-3066.19	-3066.19	-3066.19
77	-3066.19	-3066.19	-3066.19	-3066.19
78	-3066.19	-3066.19	-3066.19	-3066.19
79	-3066.19	-3066.19	-3066.19	-3066.19
80	-3066.19	-3066.19	-3066.19	-3066.19
81	-3066.19	-3066.19	-3066.19	-3066.19
82	-3066.19	-3066.19	-3066.19	-3066.19
83	-3066.19	-3066.19	-3066.19	-3066.19
84	-3066.19	-3066.19	-3066.19	-3066.19
85	-3066.19	-3066.19	-3066.19	-3066.19
86	-3066.19	-3066.19	-3066.19	-3066.19
87	-3066.19	-3066.19	-3066.19	-3066.19
88	-3066.19	-3066.19	-3066.19	-3066.19
89	-3066.19	-3066.19	-3066.19	-3066.19
90	-3066.19	-3066.19	-3066.19	-3066.19
91	-3066.19	-3066.19	-3066.19	-3066.19
92	-3066.19	-3066.19	-3066.19	-3066.19
93	-3066.19	-3066.19	-3066.19	-3066.19
94	-3066.19	-3066.19	-3066.19	-3066.19
95	-3066.19	-3066.19	-3066.19	-3066.19
96	-3066.19	-3066.19	-3066.19	-3066.19
97	-3066.19	-3066.19	-3066.19	-3066.19
98	-3066.19	-3066.19	-3066.19	-3066.19
99	-3066.19	-3066.19	-3066.19	-3066.19
100	-3066.19	-3066.19	-3066.19	-3066.19
1	-3063.6	-3063.6	-3063.13	-3063.46
2	-3063.6	-3063.6	-3063.6	-3063.46
3	-3065.01	-3064.48	-3065.01	-3063.46
4	-3065.01	-3064.48	-3065.01	-3063.76
5	-3065.01	-3065.01	-3065.01	-3065.01
6	-3065.01	-3065.01	-3065.01	-3065.01
7	-3066.08	-3065.01	-3066.08	-3065.01
8	-3066.08	-3065.01	-3066.08	-3065.01
9	-3066.08	-3065.01	-3066.08	-3065.01
10	-3066.08	-3065.01	-3066.08	-3066.08
11	-3066.08	-3065.01	-3066.08	-3066.08
12	-3066.08	-3065.01	-3066.08	-3066.08
13	-3066.08	-3065.01	-3066.08	-3066.08
14	-3066.08	-3065.01	-3066.08	-3066.08
15	-3066.08	-3065.01	-3066.08	-3066.08
16	-3066.08	-3065.01	-3066.08	-3066.08
17	-3066.08	-3065.01	-3066.08	-3066.08
18	-3066.08	-3065.01	-3066.08	-3066.08
19	-3066.08	-3065.01	-3066.08	-3066.08
20	-3066.08	-3066.08	-3066.08	-3066.08
21	-3066.08	-3066.08	-3066.08	-3066.08
22	-3066.08	-3066.08	-3066.08	-3066.08
23	-3066.08	-3066.08	-3066.08	-3066.08
24	-3066.08	-3066.08	-3066.08	-3066.08
25	-3066.08	-3066.08	-3066.08	-3066.08
26	-3066.08	-3066.08	-3066.08	-3066.08
27	-3066.08	-3066.08	-3066.08	-3066.08
28	-3066.08	-3066.08	-3066.08	-3066.08
29	-3066.08	-3066.08	-3066.08	-3066.08
30	-3066.08	-3066.08	-3066.08	-3066.08
31	-3066.08	-3066.08	-3066.08	-3066.08
32	-3066.08	-3066.08	-3066.08	-3066.08
33	-3066.19	-3066.19	-3066.08	-3066.08
34	-3066.19	-3066.19	-3066.19	-3066.08
35	-3066.19	-3066.19	-3066.19	-3066.08
36	-3066.19	-3066.19	-3066.19	-3066.08
37	-3066.19	-3066.19	-3066.19	-3066.08
38	-3066.19	-3066.19	-3066.19	-3066.08
39	-3066.19	-3066.19	-3066.19	-3066.08
40	-3066.19	-3066.19	-3066.19	-3066.19
41	-3066.19	-3066.19	-3066.19	-3066.19
42	-3066.19	-3066.19	-3066.19	-3066.19
43	-3066.19	-3066.19	-3066.19	-3066.19
44	-3066.19	-3066.19	-3066.19	-3066.19
45	-3066.19	-3066.19	-3066.19	-3066.19
46	-3066.19	-3066.19	-3066.19	-3066.19
47	-3066.19	-3066.19	-3066.19	-3066.19
48	-3066.19	-3066.19	-3066.19	-3066.19
49	-3066.19	-3066.19	-3066.19	-3066.19
50	-3066.19	-3066.19	-3066.19	-3066.19
51	-3066.19	-3066.19	-3066.19	-3066.19
52	-3066.19	-3066.19	-3066.19	-3066.19
53	-3066.19	-3066.19	-3066.19	-3066.19
54	-3066.19	-3066.19	-3066.19	-3066.19
55	-3066.19	-3066.19	-3066.19	-3066.19
56	-3066.19	-3066.19	-3066.19	-3066.19
57	-3066.19	-3066.19	-3066.19	-3066.19
58	-3066.19	-3066.19	-3066.19	-3066.19
59	-3066.19	-3066.19	-3066.19	-3066.19
60	-3066.19	-3066.19	-3066.19	-3066.19
61	-3066.19	-3066.19	-3066.19	-3066.19
62	-3066.19	-3066.19	-3066.19	-3066.19
63	-3066.19	-3066.19	-3066.19	-3066.19
64	-3066.19	-3066.19	-3066.19	-3066.19
65	-3066.19	-3066.19	-3066.19	-3066.19
66	-3066.19	-3066.19	-3066.19	-3066.19
67	-3066.19	-3066.19	-3066.19	-3066.19
68	-3066.19	-3066.19	-3066.19	-3066.19
69	-3066.19	-3066.19	-3066.19	-3066.19
70	-3066.19	-3066.19	-3066.19	-3066.19
71	-3066.19	-3066.19	-3066.19	-3066.19
72	-3066.19	-3066.19	-3066.19	-3066.19
73	-3066.19	-3066.19	-3066.19	-3066.19
74	-3066.19	-3066.19	-3066.19	-3066.19
75	-3066.19	-3066.19	-3066.19	-3066.19
76	-3066.19	-3066.19	-3066.19	-3066.19
77	-3066.19	-3066.19	-3066.19	-3066.19
78	-3066.19	-3066.19	-3066.19	-3066.19
79	-3066.19	-3066.19	-3066.19	-3066.19
80	-3066.19	-3066.19	-3066.19	-3066.19
81	-3066.19	-3066.19	-3066.19	-3066.19
82	-3066.19	-3066.19	-3066.19	-3066.19
83	-3066.19	-3066.19	-3066.19	-3066.19
84	-3066.19	-3066.19	-3066.19	-3066.19
85	-3066.19	-3066.19	-3066.19	-3066.19
86	-3066.19	-3066.19	-3066.19	-3066.19
87	-3066.19	-3066.19	-3066.19	-3066.19
88	-3066.19	-3066.19	-3066.19	-3066.19
89	-3066.19	-3066.19	-3066.19	-3066.19
90	-3066.19	-3066.19	-3066.19	-3066.19
91	-3066.19	-3066.19	-3066.19	-3066.19
92	-3066.19	-3066.19	-3066.19	-3066.19
93	-3066.19	-3066.19	-3066.19	-3066.19
94	-3066.19	-3066.19	-3066.19	-3066.19
95	-3066.19	-3066.19	-3066.19	-3066.19
96	-3066.19	-3066.19	-3066.19	-3066.19
97	-3066.19	-3066.19	-3066.19	-3066.19
98	-3066.19	-3066.19	-3066.19	-3066.19
99	-3066.19	-3066.19	-3066.19	-3066.19
100	-3066.19	-3066.19	-3066.19	-3066.19
