1	-101.753	-101.694	-101.666	-101.753
2	-101.759	-101.694	-101.759	-101.753
3	-101.835	-101.694	-101.835	-101.753
4	-101.835	-101.72	-101.835	-101.753
5	-101.862	-101.749	-101.835	-101.862
6	-101.862	-101.749	-101.835	-101.862
7	-101.862	-101.794	-101.835	-101.862
8	-101.862	-101.794	-101.835	-101.862
9	-101.862	-101.794	-101.835	-101.862
10	-101.862	-101.794	-101.835	-101.862
11	-101.862	-101.794	-101.835	-101.862
12	-101.862	-101.826	-101.835	-101.862
13	-101.862	-101.826	-101.835	-101.862
14	-101.862	-101.826	-101.835	-101.862
15	-101.862	-101.826	-101.835	-101.862
16	-101.862	-101.826	-101.835	-101.862
17	-101.862	-101.826	-101.839	-101.862
18	-101.862	-101.826	-101.839	-101.862
19	-101.862	-101.826	-101.839	-101.862
20	-101.868	-101.868	-101.868	-101.868
21	-101.868	-101.868	-101.868	-101.868
22	-101.868	-101.868	-101.868	-101.868
23	-101.868	-101.868	-101.868	-101.868
24	-101.904	-101.868	-101.904	-101.868
25	-101.904	-101.868	-101.904	-101.868
26	-101.904	-101.868	-101.904	-101.868
27	-101.904	-101.868	-101.904	-101.868
28	-101.904	-101.868	-101.904	-101.868
29	-101.904	-101.868	-101.904	-101.868
30	-101.904	-101.868	-101.904	-101.868
31	-101.904	-101.868	-101.904	-101.868
32	-101.904	-101.868	-101.904	-101.868
33	-101.904	-101.868	-101.904	-101.868
34	-101.904	-101.868	-101.904	-101.868
35	-101.904	-101.868	-101.904	-101.868
36	-101.904	-101.868	-101.904	-101.868
37	-101.904	-101.868	-101.904	-101.868
38	-101.904	-101.868	-101.904	-101.868
39	-101.904	-101.868	-101.904	-101.868
40	-101.904	-101.904	-101.904	-101.904
41	-101.904	-101.904	-101.904	-101.904
42	-101.904	-101.904	-101.904	-101.904
43	-101.904	-101.904	-101.904	-101.904
44	-101.904	-101.904	-101.904	-101.904
45	-101.904	-101.904	-101.904	-101.904
46	-101.904	-101.904	-101.904	-101.904
47	-101.904	-101.904	-101.904	-101.904
48	-101.904	-101.904	-101.904	-101.904
49	-101.904	-101.904	-101.904	-101.904
50	-101.904	-101.904	-101.904	-101.904
51	-101.904	-101.904	-101.904	-101.904
52	-101.904	-101.904	-101.904	-101.904
53	-101.904	-101.904	-101.904	-101.904
54	-101.904	-101.904	-101.904	-101.904
55	-101.904	-101.904	-101.904	-101.904
56	-101.904	-101.904	-101.904	-101.904
57	-101.904	-101.904	-101.904	-101.904
58	-101.904	-101.904	-101.904	-101.904
59	-101.904	-101.904	-101.904	-101.904
60	-101.904	-101.904	-101.904	-101.904
61	-101.904	-101.904	-101.904	-101.904
62	-101.904	-101.904	-101.904	-101.904
63	-101.904	-101.904	-101.904	-101.904
64	-101.904	-101.904	-101.904	-101.904
65	-101.904	-101.904	-101.904	-101.904
66	-101.904	-101.904	-101.904	-101.904
67	-101.904	-101.904	-101.904	-101.904
68	-101.904	-101.904	-101.904	-101.904
69	-101.904	-101.904	-101.904	-101.904
70	-101.904	-101.904	-101.904	-101.904
71	-101.904	-101.904	-101.904	-101.904
72	-101.904	-101.904	-101.904	-101.904
73	-101.904	-101.904	-101.904	-101.904
74	-101.904	-101.904	-101.904	-101.904
75	-101.904	-101.904	-101.904	-101.904
76	-101.904	-101.904	-101.904	-101.904
77	-101.904	-101.904	-101.904	-101.904
78	-101.904	-101.904	-101.904	-101.904
79	-101.904	-101.904	-101.904	-101.904
80	-101.904	-101.904	-101.904	-101.904
81	-101.904	-101.904	-101.904	-101.904
82	-101.904	-101.904	-101.904	-101.904
83	-101.904	-101.904	-101.904	-101.904
84	-101.904	-101.904	-101.904	-101.904
85	-101.904	-101.904	-101.904	-101.904
86	-101.904	-101.904	-101.904	-101.904
87	-101.904	-101.904	-101.904	-101.904
88	-101.904	-101.904	-101.904	-101.904
89	-101.904	-101.904	-101.904	-101.904
90	-101.904	-101.904	-101.904	-101.904
91	-101.904	-101.904	-101.904	-101.904
92	-101.904	-101.904	-101.904	-101.904
93	-101.904	-101.904	-101.904	-101.904
94	-101.904	-101.904	-101.904	-101.904
95	-101.904	-101.904	-101.904	-101.904
96	-101.904	-101.904	-101.904	-101.904
97	-101.904	-101.904	-101.904	-101.904
98	-101.904	-101.904	-101.904	-101.904
99	-101.904	-101.904	-101.904	-101.904
100	-101.904	-101.904	-101.904	-101.904
1	-101.722	-101.541	-101.722	-101.616
2	-101.742	-101.653	-101.742	-101.709
3	-101.77	-101.681	-101.77	-101.712
4	-101.77	-101.75	-101.77	-101.728
5	-101.857	-101.75	-101.857	-101.749
6	-101.857	-101.75	-101.857	-101.781
7	-101.857	-101.797	-101.857	-101.781
8	-101.857	-101.797	-101.857	-101.781
9	-101.857	-101.797	-101.857	-101.781
10	-101.857	-101.811	-101.857	-101.781
11	-101.857	-101.811	-101.857	-101.781
12	-101.857	-101.811	-101.857	-101.781
13	-101.857	-101.811	-101.857	-101.781
14	-101.857	-101.811	-101.857	-101.781
15	-101.857	-101.811	-101.857	-101.781
16	-101.857	-101.811	-101.857	-101.781
17	-101.857	-101.814	-101.857	-101.85
18	-101.857	-101.814	-101.857	-101.85
19	-101.904	-101.904	-101.857	-101.85
20	-101.904	-101.904	-101.904	-101.904
21	-101.904	-101.904	-101.904	-101.904
22	-101.904	-101.904	-101.904	-101.904
23	-101.904	-101.904	-101.904	-101.904
24	-101.904	-101.904	-101.904	-101.904
25	-101.904	-101.904	-101.904	-101.904
26	-101.904	-101.904	-101.904	-101.904
27	-101.904	-101.904	-101.904	-101.904
28	-101.904	-101.904	-101.904	-101.904
29	-101.904	-101.904	-101.904	-101.904
30	-101.904	-101.904	-101.904	-101.904
31	-101.904	-101.904	-101.904	-101.904
32	-101.904	-101.904	-101.904	-101.904
33	-101.904	-101.904	-101.904	-101.904
34	-101.904	-101.904	-101.904	-101.904
35	-101.904	-101.904	-101.904	-101.904
36	-101.904	-101.904	-101.904	-101.904
37	-101.904	-101.904	-101.904	-101.904
38	-101.904	-101.904	-101.904	-101.904
39	-101.904	-101.904	-101.904	-101.904
40	-101.904	-101.904	-101.904	-101.904
41	-101.904	-101.904	-101.904	-101.904
42	-101.904	-101.904	-101.904	-101.904
43	-101.904	-101.904	-101.904	-101.904
44	-101.904	-101.904	-101.904	-101.904
45	-101.904	-101.904	-101.904	-101.904
46	-101.904	-101.904	-101.904	-101.904
47	-101.904	-101.904	-101.904	-101.904
48	-101.904	-101.904	-101.904	-101.904
49	-101.904	-101.904	-101.904	-101.904
50	-101.904	-101.904	-101.904	-101.904
51	-101.904	-101.904	-101.904	-101.904
52	-101.904	-101.904	-101.904	-101.904
53	-101.904	-101.904	-101.904	-101.904
54	-101.904	-101.904	-101.904	-101.904
55	-101.904	-101.904	-101.904	-101.904
56	-101.904	-101.904	-101.904	-101.904
57	-101.904	-101.904	-101.904	-101.904
58	-101.904	-101.904	-101.904	-101.904
59	-101.904	-101.904	-101.904	-101.904
60	-101.904	-101.904	-101.904	-101.904
61	-101.904	-101.904	-101.904	-101.904
62	-101.904	-101.904	-101.904	-101.904
63	-101.904	-101.904	-101.904	-101.904
64	-101.904	-101.904	-101.904	-101.904
65	-101.904	-101.904	-101.904	-101.904
66	-101.904	-101.904	-101.904	-101.904
67	-101.904	-101.904	-101.904	-101.904
68	-101.904	-101.904	-101.904	-101.904
69	-101.904	-101.904	-101.904	-101.904
70	-101.904	-101.904	-101.904	-101.904
71	-101.904	-101.904	-101.904	-101.904
72	-101.904	-101.904	-101.904	-101.904
73	-101.904	-101.904	-101.904	-101.904
74	-101.904	-101.904	-101.904	-101.904
75	-101.904	-101.904	-101.904	-101.904
76	-101.904	-101.904	-101.904	-101.904
77	-101.904	-101.904	-101.904	-101.904
78	-101.904	-101.904	-101.904	-101.904
79	-101.904	-101.904	-101.904	-101.904
80	-101.904	-101.904	-101.904	-101.904
81	-101.904	-101.904	-101.904	-101.904
82	-101.904	-101.904	-101.904	-101.904
83	-101.904	-101.904	-101.904	-101.904
84	-101.904	-101.904	-101.904	-101.904
85	-101.904	-101.904	-101.904	-101.904
86	-101.904	-101.904	-101.904	-101.904
87	-101.904	-101.904	-101.904	-101.904
88	-101.904	-101.904	-101.904	-101.904
89	-101.904	-101.904	-101.904	-101.904
90	-101.904	-101.904	-101.904	-101.904
91	-101.904	-101.904	-101.904	-101.904
92	-101.904	-101.904	-101.904	-101.904
93	-101.904	-101.904	-101.904	-101.904
94	-101.904	-101.904	-101.904	-101.904
95	-101.904	-101.904	-101.904	-101.904
96	-101.904	-101.904	-101.904	-101.904
97	-101.904	-101.904	-101.904	-101.904
98	-101.904	-101.904	-101.904	-101.904
99	-101.904	-101.904	-101.904	-101.904
100	-101.904	-101.904	-101.904	-101.904
1	-101.809	-101.705	-101.809	-101.787
2	-101.834	-101.705	-101.834	-101.787
3	-101.834	-101.705	-101.834	-101.787
4	-101.834	-101.705	-101.834	-101.81
5	-101.834	-101.728	-101.834	-101.81
6	-101.836	-101.728	-101.836	-101.81
7	-101.836	-101.728	-101.836	-101.81
8	-101.836	-101.777	-101.836	-101.81
9	-101.836	-101.793	-101.836	-101.81
10	-101.85	-101.793	-101.836	-101.85
11	-101.85	-101.83	-101.836	-101.85
12	-101.85	-101.83	-101.836	-101.85
13	-101.85	-101.83	-101.836	-101.85
14	-101.857	-101.857	-101.836	-101.85
15	-101.857	-101.857	-101.836	-101.85
16	-101.857	-101.857	-101.836	-101.85
17	-101.857	-101.857	-101.836	-101.85
18	-101.904	-101.857	-101.904	-101.85
19	-101.904	-101.857	-101.904	-101.85
20	-101.904	-101.904	-101.904	-101.904
21	-101.904	-101.904	-101.904	-101.904
22	-101.904	-101.904	-101.904	-101.904
23	-101.904	-101.904	-101.904	-101.904
24	-101.904	-101.904	-101.904	-101.904
25	-101.904	-101.904	-101.904	-101.904
26	-101.904	-101.904	-101.904	-101.904
27	-101.904	-101.904	-101.904	-101.904
28	-101.904	-101.904	-101.904	-101.904
29	-101.904	-101.904	-101.904	-101.904
30	-101.904	-101.904	-101.904	-101.904
31	-101.904	-101.904	-101.904	-101.904
32	-101.904	-101.904	-101.904	-101.904
33	-101.904	-101.904	-101.904	-101.904
34	-101.904	-101.904	-101.904	-101.904
35	-101.904	-101.904	-101.904	-101.904
36	-101.904	-101.904	-101.904	-101.904
37	-101.904	-101.904	-101.904	-101.904
38	-101.904	-101.904	-101.904	-101.904
39	-101.904	-101.904	-101.904	-101.904
40	-101.904	-101.904	-101.904	-101.904
41	-101.904	-101.904	-101.904	-101.904
42	-101.904	-101.904	-101.904	-101.904
43	-101.904	-101.904	-101.904	-101.904
44	-101.904	-101.904	-101.904	-101.904
45	-101.904	-101.904	-101.904	-101.904
46	-101.904	-101.904	-101.904	-101.904
47	-101.904	-101.904	-101.904	-101.904
48	-101.904	-101.904	-101.904	-101.904
49	-101.904	-101.904	-101.904	-101.904
50	-101.904	-101.904	-101.904	-101.904
51	-101.904	-101.904	-101.904	-101.904
52	-101.904	-101.904	-101.904	-101.904
53	-101.904	-101.904	-101.904	-101.904
54	-101.904	-101.904	-101.904	-101.904
55	-101.904	-101.904	-101.904	-101.904
56	-101.904	-101.904	-101.904	-101.904
57	-101.904	-101.904	-101.904	-101.904
58	-101.904	-101.904	-101.904	-101.904
59	-101.904	-101.904	-101.904	-101.904
60	-101.904	-101.904	-101.904	-101.904
61	-101.904	-101.904	-101.904	-101.904
62	-101.904	-101.904	-101.904	-101.904
63	-101.904	-101.904	-101.904	-101.904
64	-101.904	-101.904	-101.904	-101.904
65	-101.904	-101.904	-101.904	-101.904
66	-101.904	-101.904	-101.904	-101.904
67	-101.904	-101.904	-101.904	-101.904
68	-101.904	-101.904	-101.904	-101.904
69	-101.904	-101.904	-101.904	-101.904
70	-101.904	-101.904	-101.904	-101.904
71	-101.904	-101.904	-101.904	-101.904
72	-101.904	-101.904	-101.904	-101.904
73	-101.904	-101.904	-101.904	-101.904
74	-101.904	-101.904	-101.904	-101.904
75	-101.904	-101.904	-101.904	-101.904
76	-101.904	-101.904	-101.904	-101.904
77	-101.904	-101.904	-101.904	-101.904
78	-101.904	-101.904	-101.904	-101.904
79	-101.904	-101.904	-101.904	-101.904
80	-101.904	-101.904	-101.904	-101.904
81	-101.904	-101.904	-101.904	-101.904
82	-101.904	-101.904	-101.904	-101.904
83	-101.904	-101.904	-101.904	-101.904
84	-101.904	-101.904	-101.904	-101.904
85	-101.904	-101.904	-101.904	-101.904
86	-101.904	-101.904	-101.904	-101.904
87	-101.904	-101.904	-101.904	-101.904
88	-101.904	-101.904	-101.904	-101.904
89	-101.904	-101.904	-101.904	-101.904
90	-101.904	-101.904	-101.904	-101.904
91	-101.904	-101.904	-101.904	-101.904
92	-101.904	-101.904	-101.904	-101.904
93	-101.904	-101.904	-101.904	-101.904
94	-101.904	-101.904	-101.904	-101.904
95	-101.904	-101.904	-101.904	-101.904
96	-101.904	-101.904	-101.904	-101.904
97	-101.904	-101.904	-101.904	-101.904
98	-101.904	-101.904	-101.904	-101.904
99	-101.904	-101.904	-101.904	-101.904
100	-101.904	-101.904	-101.904	-101.904
