1	-9359.53	-9350.22	-9359.53	-9348.09
2	-9360.04	-9350.22	-9360.04	-9348.09
3	-9360.04	-9350.22	-9360.04	-9348.09
4	-9364.52	-9350.22	-9364.52	-9348.09
5	-9364.74	-9350.22	-9364.74	-9352.31
6	-9364.74	-9350.99	-9364.74	-9354.47
7	-9365.22	-9350.99	-9365.22	-9354.47
8	-9365.22	-9350.99	-9365.22	-9359.05
9	-9379.54	-9350.99	-9379.54	-9359.05
10	-9379.54	-9357.32	-9379.54	-9359.05
11	-9379.54	-9360.81	-9379.54	-9359.05
12	-9383.97	-9360.83	-9383.97	-9359.05
13	-9383.97	-9360.83	-9383.97	-9359.05
14	-9383.97	-9360.83	-9383.97	-9359.05
15	-9390.1	-9360.83	-9390.1	-9385.73
16	-9390.1	-9363.54	-9390.1	-9385.73
17	-9390.75	-9364	-9390.75	-9385.73
18	-9390.75	-9364	-9390.75	-9385.73
19	-9390.75	-9364	-9390.75	-9387.3
20	-9393.36	-9393.36	-9393.36	-9393.36
21	-9393.57	-9393.36	-9393.36	-9393.57
22	-9397.76	-9393.36	-9393.36	-9397.76
23	-9397.92	-9393.36	-9397.92	-9397.76
24	-9397.92	-9393.36	-9397.92	-9397.76
25	-9397.92	-9393.36	-9397.92	-9397.76
26	-9399.78	-9393.36	-9397.92	-9399.78
27	-9399.78	-9393.36	-9397.92	-9399.78
28	-9399.78	-9393.36	-9397.92	-9399.78
29	-9399.78	-9393.39	-9397.92	-9399.78
30	-9399.78	-9393.39	-9397.92	-9399.78
31	-9402.98	-9393.39	-9402.98	-9399.78
32	-9402.98	-9397.92	-9402.98	-9399.78
33	-9402.98	-9397.92	-9402.98	-9399.78
34	-9402.98	-9397.92	-9402.98	-9399.78
35	-9403.3	-9397.92	-9403.3	-9399.78
36	-9403.81	-9397.92	-9403.81	-9400.01
37	-9403.81	-9397.92	-9403.81	-9400.01
38	-9403.81	-9397.92	-9403.81	-9400.01
39	-9403.81	-9399.64	-9403.81	-9400.01
40	-9403.81	-9403.81	-9403.81	-9403.81
41	-9406.85	-9406.85	-9403.81	-9403.81
42	-9406.85	-9406.85	-9404.02	-9403.81
43	-9406.85	-9406.85	-9404.02	-9403.81
44	-9411.39	-9406.85	-9411.39	-9404.5
45	-9411.39	-9406.85	-9411.39	-9404.5
46	-9411.68	-9406.85	-9411.68	-9404.5
47	-9411.68	-9406.85	-9411.68	-9405.44
48	-9411.68	-9406.85	-9411.68	-9405.44
49	-9412.07	-9406.85	-9412.07	-9405.44
50	-9412.07	-9406.85	-9412.07	-9405.44
51	-9412.07	-9406.85	-9412.07	-9405.44
52	-9412.07	-9406.85	-9412.07	-9405.44
53	-9413.35	-9413.35	-9412.07	-9405.44
54	-9413.35	-9413.35	-9412.07	-9405.44
55	-9413.35	-9413.35	-9412.07	-9406.63
56	-9413.35	-9413.35	-9412.07	-9406.63
57	-9413.35	-9413.35	-9413.27	-9406.63
58	-9413.35	-9413.35	-9413.27	-9406.63
59	-9413.35	-9413.35	-9413.27	-9406.63
60	-9413.35	-9413.35	-9413.35	-9413.35
61	-9413.35	-9413.35	-9413.35	-9413.35
62	-9413.35	-9413.35	-9413.35	-9413.35
63	-9413.89	-9413.35	-9413.89	-9413.35
64	-9414.33	-9413.35	-9414.33	-9413.35
65	-9414.33	-9413.35	-9414.33	-9413.35
66	-9414.33	-9413.35	-9414.33	-9413.35
67	-9414.33	-9413.35	-9414.33	-9413.35
68	-9414.33	-9413.35	-9414.33	-9413.35
69	-9414.33	-9413.43	-9414.33	-9413.35
70	-9414.33	-9413.43	-9414.33	-9413.35
71	-9414.33	-9413.43	-9414.33	-9413.35
72	-9414.33	-9413.43	-9414.33	-9413.35
73	-9414.33	-9413.43	-9414.33	-9413.35
74	-9414.33	-9413.43	-9414.33	-9413.35
75	-9414.33	-9413.43	-9414.33	-9413.35
76	-9414.33	-9413.43	-9414.33	-9413.35
77	-9414.33	-9413.43	-9414.33	-9413.35
78	-9414.33	-9413.43	-9414.33	-9413.35
79	-9414.33	-9413.43	-9414.33	-9413.35
80	-9414.33	-9414.33	-9414.33	-9414.33
81	-9414.33	-9414.33	-9414.33	-9414.33
82	-9414.33	-9414.33	-9414.33	-9414.33
83	-9414.33	-9414.33	-9414.33	-9414.33
84	-9414.33	-9414.33	-9414.33	-9414.33
85	-9414.33	-9414.33	-9414.33	-9414.33
86	-9414.33	-9414.33	-9414.33	-9414.33
87	-9414.33	-9414.33	-9414.33	-9414.33
88	-9414.33	-9414.33	-9414.33	-9414.33
89	-9414.33	-9414.33	-9414.33	-9414.33
90	-9414.33	-9414.33	-9414.33	-9414.33
91	-9414.33	-9414.33	-9414.33	-9414.33
92	-9414.33	-9414.33	-9414.33	-9414.33
93	-9414.33	-9414.33	-9414.33	-9414.33
94	-9414.33	-9414.33	-9414.33	-9414.33
95	-9414.33	-9414.33	-9414.33	-9414.33
96	-9414.33	-9414.33	-9414.33	-9414.33
97	-9414.33	-9414.33	-9414.33	-9414.33
98	-9414.33	-9414.33	-9414.33	-9414.33
99	-9414.33	-9414.33	-9414.33	-9414.33
100	-9414.33	-9414.33	-9414.33	-9414.33
1	-9347.61	-9337.15	-9347.61	-9344.63
2	-9359.61	-9337.15	-9347.61	-9359.61
3	-9359.61	-9351.05	-9355.77	-9359.61
4	-9359.61	-9351.05	-9355.77	-9359.61
5	-9361.9	-9351.05	-9357.91	-9361.9
6	-9361.9	-9351.05	-9357.91	-9361.9
7	-9361.9	-9351.05	-9357.91	-9361.9
8	-9361.9	-9354.83	-9357.91	-9361.9
9	-9361.9	-9356.8	-9359	-9361.9
10	-9367.42	-9359.03	-9367.42	-9365.99
11	-9396.01	-9362.08	-9396.01	-9365.99
12	-9396.88	-9363.06	-9396.88	-9367.76
13	-9396.88	-9363.06	-9396.88	-9367.76
14	-9396.88	-9363.06	-9396.88	-9369.93
15	-9396.88	-9363.06	-9396.88	-9369.93
16	-9396.88	-9363.06	-9396.88	-9369.93
17	-9396.88	-9363.06	-9396.88	-9369.93
18	-9396.88	-9363.06	-9396.88	-9369.93
19	-9396.88	-9363.06	-9396.88	-9369.93
20	-9396.88	-9396.88	-9396.88	-9396.88
21	-9396.88	-9396.88	-9396.88	-9396.88
22	-9396.88	-9396.88	-9396.88	-9396.88
23	-9405.57	-9405.57	-9396.88	-9397.58
24	-9405.57	-9405.57	-9396.88	-9397.58
25	-9405.57	-9405.57	-9396.88	-9397.58
26	-9405.57	-9405.57	-9397.29	-9402.47
27	-9405.57	-9405.57	-9397.51	-9403.38
28	-9405.57	-9405.57	-9397.51	-9404.92
29	-9405.57	-9405.57	-9397.51	-9404.92
30	-9405.57	-9405.57	-9397.51	-9404.92
31	-9405.57	-9405.57	-9397.51	-9404.92
32	-9405.57	-9405.57	-9397.51	-9404.92
33	-9405.92	-9405.57	-9405.92	-9404.92
34	-9405.92	-9405.57	-9405.92	-9404.92
35	-9407.55	-9405.57	-9407.55	-9404.92
36	-9413.14	-9405.57	-9413.14	-9404.92
37	-9413.14	-9405.57	-9413.14	-9404.92
38	-9413.14	-9405.57	-9413.14	-9404.92
39	-9413.14	-9405.57	-9413.14	-9404.92
40	-9413.14	-9413.14	-9413.14	-9413.14
41	-9413.14	-9413.14	-9413.14	-9413.14
42	-9413.14	-9413.14	-9413.14	-9413.14
43	-9413.14	-9413.14	-9413.14	-9413.14
44	-9413.14	-9413.14	-9413.14	-9413.14
45	-9413.14	-9413.14	-9413.14	-9413.14
46	-9413.33	-9413.14	-9413.33	-9413.14
47	-9413.33	-9413.14	-9413.33	-9413.14
48	-9413.33	-9413.14	-9413.33	-9413.14
49	-9413.33	-9413.14	-9413.33	-9413.14
50	-9413.82	-9413.14	-9413.82	-9413.14
51	-9413.82	-9413.14	-9413.82	-9413.14
52	-9413.82	-9413.14	-9413.82	-9413.14
53	-9413.82	-9413.14	-9413.82	-9413.14
54	-9413.82	-9413.14	-9413.82	-9413.14
55	-9413.82	-9413.14	-9413.82	-9413.14
56	-9413.82	-9413.14	-9413.82	-9413.14
57	-9413.82	-9413.14	-9413.82	-9413.14
58	-9413.82	-9413.14	-9413.82	-9413.14
59	-9413.82	-9413.14	-9413.82	-9413.14
60	-9413.82	-9413.82	-9413.82	-9413.82
61	-9413.82	-9413.82	-9413.82	-9413.82
62	-9413.82	-9413.82	-9413.82	-9413.82
63	-9413.82	-9413.82	-9413.82	-9413.82
64	-9413.82	-9413.82	-9413.82	-9413.82
65	-9413.82	-9413.82	-9413.82	-9413.82
66	-9413.82	-9413.82	-9413.82	-9413.82
67	-9413.82	-9413.82	-9413.82	-9413.82
68	-9413.82	-9413.82	-9413.82	-9413.82
69	-9413.82	-9413.82	-9413.82	-9413.82
70	-9413.82	-9413.82	-9413.82	-9413.82
71	-9413.82	-9413.82	-9413.82	-9413.82
72	-9414.32	-9413.82	-9414.32	-9413.82
73	-9414.32	-9413.82	-9414.32	-9413.82
74	-9414.32	-9413.82	-9414.32	-9413.82
75	-9414.32	-9413.82	-9414.32	-9414.32
76	-9414.32	-9413.82	-9414.32	-9414.32
77	-9414.32	-9413.82	-9414.32	-9414.32
78	-9414.32	-9413.82	-9414.32	-9414.32
79	-9414.32	-9413.82	-9414.32	-9414.32
80	-9414.32	-9414.32	-9414.32	-9414.32
81	-9414.32	-9414.32	-9414.32	-9414.32
82	-9414.32	-9414.32	-9414.32	-9414.32
83	-9414.32	-9414.32	-9414.32	-9414.32
84	-9414.32	-9414.32	-9414.32	-9414.32
85	-9414.32	-9414.32	-9414.32	-9414.32
86	-9414.32	-9414.32	-9414.32	-9414.32
87	-9414.32	-9414.32	-9414.32	-9414.32
88	-9414.32	-9414.32	-9414.32	-9414.32
89	-9414.32	-9414.32	-9414.32	-9414.32
90	-9414.32	-9414.32	-9414.32	-9414.32
91	-9414.32	-9414.32	-9414.32	-9414.32
92	-9414.32	-9414.32	-9414.32	-9414.32
93	-9414.32	-9414.32	-9414.32	-9414.32
94	-9414.32	-9414.32	-9414.32	-9414.32
95	-9414.32	-9414.32	-9414.32	-9414.32
96	-9414.32	-9414.32	-9414.32	-9414.32
97	-9414.32	-9414.32	-9414.32	-9414.32
98	-9414.32	-9414.32	-9414.32	-9414.32
99	-9414.32	-9414.32	-9414.32	-9414.32
100	-9414.32	-9414.32	-9414.32	-9414.32
1	-9348.76	-9345.45	-9348.76	-9342.1
2	-9350.41	-9345.45	-9348.76	-9350.41
3	-9357.02	-9355.3	-9357.02	-9350.41
4	-9365.86	-9356.59	-9365.86	-9350.41
5	-9365.86	-9359.46	-9365.86	-9350.41
6	-9365.86	-9359.46	-9365.86	-9356.88
7	-9365.86	-9359.46	-9365.86	-9356.88
8	-9369.23	-9359.46	-9369.23	-9357.29
9	-9386.99	-9386.99	-9369.23	-9362.76
10	-9386.99	-9386.99	-9374.18	-9362.76
11	-9386.99	-9386.99	-9374.18	-9362.76
12	-9386.99	-9386.99	-9374.18	-9363.9
13	-9386.99	-9386.99	-9374.18	-9363.9
14	-9386.99	-9386.99	-9379.31	-9369.1
15	-9386.99	-9386.99	-9379.31	-9369.1
16	-9394.75	-9394.75	-9379.31	-9369.1
17	-9394.75	-9394.75	-9379.31	-9370.67
18	-9394.75	-9394.75	-9379.31	-9370.67
19	-9395.51	-9395.51	-9379.31	-9370.67
20	-9395.51	-9395.51	-9395.51	-9395.51
21	-9400.01	-9395.51	-9395.51	-9400.01
22	-9400.01	-9395.51	-9395.51	-9400.01
23	-9400.01	-9397.63	-9395.51	-9400.01
24	-9400.01	-9397.63	-9395.51	-9400.01
25	-9404	-9397.63	-9396.76	-9404
26	-9404	-9397.63	-9396.76	-9404
27	-9404	-9397.63	-9396.76	-9404
28	-9404	-9397.63	-9396.76	-9404
29	-9404.27	-9404.27	-9396.76	-9404
30	-9404.27	-9404.27	-9396.76	-9404
31	-9404.27	-9404.27	-9396.76	-9404
32	-9404.27	-9404.27	-9396.76	-9404
33	-9404.27	-9404.27	-9398.86	-9404
34	-9404.27	-9404.27	-9398.86	-9404
35	-9404.58	-9404.58	-9398.86	-9404
36	-9404.58	-9404.58	-9398.86	-9404
37	-9404.58	-9404.58	-9400.49	-9404
38	-9404.97	-9404.97	-9400.49	-9404
39	-9405.19	-9405.19	-9400.49	-9404
40	-9405.19	-9405.19	-9405.19	-9405.19
41	-9405.19	-9405.19	-9405.19	-9405.19
42	-9411.17	-9411.17	-9405.19	-9405.19
43	-9411.17	-9411.17	-9405.48	-9405.19
44	-9411.17	-9411.17	-9405.48	-9405.19
45	-9411.17	-9411.17	-9405.48	-9405.19
46	-9411.17	-9411.17	-9405.48	-9405.19
47	-9411.17	-9411.17	-9405.48	-9405.19
48	-9411.17	-9411.17	-9405.48	-9405.19
49	-9411.17	-9411.17	-9405.48	-9405.19
50	-9412.12	-9411.17	-9412.12	-9405.19
51	-9412.12	-9411.17	-9412.12	-9405.19
52	-9412.12	-9411.17	-9412.12	-9405.19
53	-9413.28	-9411.17	-9413.28	-9405.19
54	-9413.28	-9411.17	-9413.28	-9405.19
55	-9413.28	-9411.17	-9413.28	-9405.19
56	-9413.28	-9411.17	-9413.28	-9405.19
57	-9413.28	-9411.17	-9413.28	-9405.19
58	-9413.28	-9411.17	-9413.28	-9405.19
59	-9413.28	-9411.17	-9413.28	-9405.19
60	-9413.35	-9413.35	-9413.35	-9413.35
61	-9413.35	-9413.35	-9413.35	-9413.35
62	-9413.35	-9413.35	-9413.35	-9413.35
63	-9414.32	-9413.35	-9414.32	-9413.35
64	-9414.32	-9413.35	-9414.32	-9413.35
65	-9414.32	-9413.35	-9414.32	-9413.35
66	-9414.32	-9413.35	-9414.32	-9413.35
67	-9414.32	-9413.35	-9414.32	-9413.35
68	-9414.32	-9413.35	-9414.32	-9413.35
69	-9414.32	-9413.82	-9414.32	-9413.35
70	-9414.32	-9413.82	-9414.32	-9413.35
71	-9414.32	-9413.82	-9414.32	-9413.35
72	-9414.32	-9413.82	-9414.32	-9413.35
73	-9414.32	-9413.82	-9414.32	-9413.35
74	-9414.32	-9413.82	-9414.32	-9413.35
75	-9414.32	-9413.82	-9414.32	-9413.35
76	-9414.32	-9413.82	-9414.32	-9413.35
77	-9414.32	-9413.82	-9414.32	-9413.35
78	-9414.32	-9413.82	-9414.32	-9413.35
79	-9414.32	-9413.82	-9414.32	-9413.35
80	-9414.32	-9414.32	-9414.32	-9414.32
81	-9414.32	-9414.32	-9414.32	-9414.32
82	-9414.32	-9414.32	-9414.32	-9414.32
83	-9414.32	-9414.32	-9414.32	-9414.32
84	-9414.32	-9414.32	-9414.32	-9414.32
85	-9414.32	-9414.32	-9414.32	-9414.32
86	-9414.32	-9414.32	-9414.32	-9414.32
87	-9414.32	-9414.32	-9414.32	-9414.32
88	-9414.32	-9414.32	-9414.32	-9414.32
89	-9414.32	-9414.32	-9414.32	-9414.32
90	-9414.32	-9414.32	-9414.32	-9414.32
91	-9414.32	-9414.32	-9414.32	-9414.32
92	-9414.32	-9414.32	-9414.32	-9414.32
93	-9414.32	-9414.32	-9414.32	-9414.32
94	-9414.32	-9414.32	-9414.32	-9414.32
95	-9414.32	-9414.32	-9414.32	-9414.32
96	-9414.32	-9414.32	-9414.32	-9414.32
97	-9414.33	-9414.32	-9414.33	-9414.32
98	-9414.33	-9414.32	-9414.33	-9414.32
99	-9414.33	-9414.32	-9414.33	-9414.32
100	-9414.33	-9414.33	-9414.33	-9414.33
