1	-5828.22	-5824.34	-5828.22	-5825.87
2	-5829.45	-5824.34	-5828.22	-5829.45
3	-5829.45	-5825.12	-5828.22	-5829.45
4	-5829.45	-5827.5	-5828.35	-5829.45
5	-5829.81	-5827.5	-5829.81	-5829.45
6	-5829.91	-5827.5	-5829.91	-5829.45
7	-5830.84	-5827.5	-5830.84	-5829.45
8	-5830.84	-5827.76	-5830.84	-5829.45
9	-5830.84	-5828.5	-5830.84	-5829.45
10	-5830.84	-5829.06	-5830.84	-5829.45
11	-5830.84	-5829.06	-5830.84	-5829.45
12	-5830.84	-5829.06	-5830.84	-5829.45
13	-5830.84	-5829.06	-5830.84	-5829.45
14	-5830.84	-5829.06	-5830.84	-5829.78
15	-5831.65	-5829.06	-5831.65	-5829.78
16	-5831.65	-5829.06	-5831.65	-5829.78
17	-5831.65	-5829.06	-5831.65	-5829.78
18	-5831.65	-5829.06	-5831.65	-5829.78
19	-5831.65	-5829.06	-5831.65	-5829.78
20	-5831.65	-5831.65	-5831.65	-5831.65
21	-5831.65	-5831.65	-5831.65	-5831.65
22	-5831.65	-5831.65	-5831.65	-5831.65
23	-5831.65	-5831.65	-5831.65	-5831.65
24	-5831.65	-5831.65	-5831.65	-5831.65
25	-5831.65	-5831.65	-5831.65	-5831.65
26	-5831.81	-5831.65	-5831.81	-5831.65
27	-5832.09	-5831.65	-5832.09	-5831.65
28	-5832.09	-5831.65	-5832.09	-5831.65
29	-5832.09	-5831.65	-5832.09	-5831.65
30	-5832.57	-5831.65	-5832.57	-5831.65
31	-5832.57	-5832.09	-5832.57	-5831.65
32	-5832.57	-5832.09	-5832.57	-5831.65
33	-5832.57	-5832.09	-5832.57	-5831.65
34	-5832.57	-5832.09	-5832.57	-5831.65
35	-5832.57	-5832.09	-5832.57	-5831.65
36	-5833.19	-5832.09	-5833.19	-5831.65
37	-5833.19	-5832.09	-5833.19	-5831.65
38	-5833.21	-5832.09	-5833.21	-5832.99
39	-5833.21	-5832.09	-5833.21	-5832.99
40	-5833.21	-5833.21	-5833.21	-5833.21
41	-5834.28	-5833.21	-5834.28	-5833.21
42	-5834.28	-5833.21	-5834.28	-5833.21
43	-5834.28	-5833.21	-5834.28	-5833.21
44	-5834.28	-5833.21	-5834.28	-5834.28
45	-5834.28	-5833.21	-5834.28	-5834.28
46	-5834.28	-5833.21	-5834.28	-5834.28
47	-5834.28	-5834.28	-5834.28	-5834.28
48	-5834.38	-5834.28	-5834.38	-5834.28
49	-5834.38	-5834.28	-5834.38	-5834.28
50	-5834.38	-5834.28	-5834.38	-5834.28
51	-5834.38	-5834.28	-5834.38	-5834.28
52	-5834.38	-5834.28	-5834.38	-5834.28
53	-5834.38	-5834.28	-5834.38	-5834.28
54	-5834.38	-5834.28	-5834.38	-5834.28
55	-5834.38	-5834.28	-5834.38	-5834.28
56	-5834.38	-5834.28	-5834.38	-5834.28
57	-5834.38	-5834.28	-5834.38	-5834.28
58	-5834.38	-5834.28	-5834.38	-5834.28
59	-5834.38	-5834.28	-5834.38	-5834.28
60	-5834.38	-5834.38	-5834.38	-5834.38
61	-5834.38	-5834.38	-5834.38	-5834.38
62	-5834.38	-5834.38	-5834.38	-5834.38
63	-5834.38	-5834.38	-5834.38	-5834.38
64	-5834.38	-5834.38	-5834.38	-5834.38
65	-5834.38	-5834.38	-5834.38	-5834.38
66	-5834.38	-5834.38	-5834.38	-5834.38
67	-5834.38	-5834.38	-5834.38	-5834.38
68	-5834.38	-5834.38	-5834.38	-5834.38
69	-5834.38	-5834.38	-5834.38	-5834.38
70	-5834.38	-5834.38	-5834.38	-5834.38
71	-5834.38	-5834.38	-5834.38	-5834.38
72	-5834.38	-5834.38	-5834.38	-5834.38
73	-5834.38	-5834.38	-5834.38	-5834.38
74	-5834.38	-5834.38	-5834.38	-5834.38
75	-5834.38	-5834.38	-5834.38	-5834.38
76	-5834.38	-5834.38	-5834.38	-5834.38
77	-5834.38	-5834.38	-5834.38	-5834.38
78	-5834.38	-5834.38	-5834.38	-5834.38
79	-5834.38	-5834.38	-5834.38	-5834.38
80	-5834.38	-5834.38	-5834.38	-5834.38
81	-5834.38	-5834.38	-5834.38	-5834.38
82	-5834.38	-5834.38	-5834.38	-5834.38
83	-5834.38	-5834.38	-5834.38	-5834.38
84	-5834.38	-5834.38	-5834.38	-5834.38
85	-5834.38	-5834.38	-5834.38	-5834.38
86	-5834.38	-5834.38	-5834.38	-5834.38
87	-5834.38	-5834.38	-5834.38	-5834.38
88	-5834.38	-5834.38	-5834.38	-5834.38
89	-5834.38	-5834.38	-5834.38	-5834.38
90	-5834.38	-5834.38	-5834.38	-5834.38
91	-5834.38	-5834.38	-5834.38	-5834.38
92	-5834.38	-5834.38	-5834.38	-5834.38
93	-5834.38	-5834.38	-5834.38	-5834.38
94	-5834.38	-5834.38	-5834.38	-5834.38
95	-5834.38	-5834.38	-5834.38	-5834.38
96	-5834.38	-5834.38	-5834.38	-5834.38
97	-5834.38	-5834.38	-5834.38	-5834.38
98	-5834.38	-5834.38	-5834.38	-5834.38
99	-5834.38	-5834.38	-5834.38	-5834.38
100	-5834.38	-5834.38	-5834.38	-5834.38
1	-5826.59	-5824.62	-5825.62	-5826.59
2	-5828.99	-5828.12	-5828.99	-5828.52
3	-5828.99	-5828.12	-5828.99	-5828.52
4	-5830.54	-5828.12	-5830.54	-5828.52
5	-5830.54	-5828.12	-5830.54	-5828.75
6	-5832.04	-5828.12	-5832.04	-5828.75
7	-5832.04	-5828.12	-5832.04	-5830.11
8	-5832.04	-5828.12	-5832.04	-5830.11
9	-5832.04	-5828.12	-5832.04	-5830.11
10	-5832.35	-5830.2	-5832.35	-5830.14
11	-5832.35	-5830.2	-5832.35	-5831.26
12	-5832.35	-5830.2	-5832.35	-5831.26
13	-5832.35	-5830.2	-5832.35	-5831.26
14	-5832.35	-5830.2	-5832.35	-5831.26
15	-5832.81	-5830.2	-5832.81	-5831.26
16	-5832.81	-5830.2	-5832.81	-5831.26
17	-5834.38	-5830.2	-5834.38	-5831.26
18	-5834.38	-5830.2	-5834.38	-5831.26
19	-5834.38	-5830.2	-5834.38	-5832.51
20	-5834.38	-5834.38	-5834.38	-5834.38
21	-5834.38	-5834.38	-5834.38	-5834.38
22	-5834.38	-5834.38	-5834.38	-5834.38
23	-5834.38	-5834.38	-5834.38	-5834.38
24	-5834.38	-5834.38	-5834.38	-5834.38
25	-5834.38	-5834.38	-5834.38	-5834.38
26	-5834.38	-5834.38	-5834.38	-5834.38
27	-5834.38	-5834.38	-5834.38	-5834.38
28	-5834.38	-5834.38	-5834.38	-5834.38
29	-5834.38	-5834.38	-5834.38	-5834.38
30	-5834.38	-5834.38	-5834.38	-5834.38
31	-5834.38	-5834.38	-5834.38	-5834.38
32	-5834.38	-5834.38	-5834.38	-5834.38
33	-5834.38	-5834.38	-5834.38	-5834.38
34	-5834.38	-5834.38	-5834.38	-5834.38
35	-5834.38	-5834.38	-5834.38	-5834.38
36	-5834.38	-5834.38	-5834.38	-5834.38
37	-5834.38	-5834.38	-5834.38	-5834.38
38	-5834.38	-5834.38	-5834.38	-5834.38
39	-5834.38	-5834.38	-5834.38	-5834.38
40	-5834.38	-5834.38	-5834.38	-5834.38
41	-5834.38	-5834.38	-5834.38	-5834.38
42	-5834.38	-5834.38	-5834.38	-5834.38
43	-5834.38	-5834.38	-5834.38	-5834.38
44	-5834.38	-5834.38	-5834.38	-5834.38
45	-5834.38	-5834.38	-5834.38	-5834.38
46	-5834.38	-5834.38	-5834.38	-5834.38
47	-5834.38	-5834.38	-5834.38	-5834.38
48	-5834.38	-5834.38	-5834.38	-5834.38
49	-5834.38	-5834.38	-5834.38	-5834.38
50	-5834.38	-5834.38	-5834.38	-5834.38
51	-5834.38	-5834.38	-5834.38	-5834.38
52	-5834.38	-5834.38	-5834.38	-5834.38
53	-5834.38	-5834.38	-5834.38	-5834.38
54	-5834.38	-5834.38	-5834.38	-5834.38
55	-5834.38	-5834.38	-5834.38	-5834.38
56	-5834.38	-5834.38	-5834.38	-5834.38
57	-5834.38	-5834.38	-5834.38	-5834.38
58	-5834.38	-5834.38	-5834.38	-5834.38
59	-5834.38	-5834.38	-5834.38	-5834.38
60	-5834.38	-5834.38	-5834.38	-5834.38
61	-5834.38	-5834.38	-5834.38	-5834.38
62	-5834.38	-5834.38	-5834.38	-5834.38
63	-5834.38	-5834.38	-5834.38	-5834.38
64	-5834.38	-5834.38	-5834.38	-5834.38
65	-5834.38	-5834.38	-5834.38	-5834.38
66	-5834.38	-5834.38	-5834.38	-5834.38
67	-5834.38	-5834.38	-5834.38	-5834.38
68	-5834.38	-5834.38	-5834.38	-5834.38
69	-5834.38	-5834.38	-5834.38	-5834.38
70	-5834.38	-5834.38	-5834.38	-5834.38
71	-5834.38	-5834.38	-5834.38	-5834.38
72	-5834.38	-5834.38	-5834.38	-5834.38
73	-5834.38	-5834.38	-5834.38	-5834.38
74	-5834.38	-5834.38	-5834.38	-5834.38
75	-5834.38	-5834.38	-5834.38	-5834.38
76	-5834.38	-5834.38	-5834.38	-5834.38
77	-5834.38	-5834.38	-5834.38	-5834.38
78	-5834.38	-5834.38	-5834.38	-5834.38
79	-5834.38	-5834.38	-5834.38	-5834.38
80	-5834.38	-5834.38	-5834.38	-5834.38
81	-5834.38	-5834.38	-5834.38	-5834.38
82	-5834.38	-5834.38	-5834.38	-5834.38
83	-5834.38	-5834.38	-5834.38	-5834.38
84	-5834.38	-5834.38	-5834.38	-5834.38
85	-5834.38	-5834.38	-5834.38	-5834.38
86	-5834.38	-5834.38	-5834.38	-5834.38
87	-5834.38	-5834.38	-5834.38	-5834.38
88	-5834.38	-5834.38	-5834.38	-5834.38
89	-5834.38	-5834.38	-5834.38	-5834.38
90	-5834.38	-5834.38	-5834.38	-5834.38
91	-5834.38	-5834.38	-5834.38	-5834.38
92	-5834.38	-5834.38	-5834.38	-5834.38
93	-5834.38	-5834.38	-5834.38	-5834.38
94	-5834.38	-5834.38	-5834.38	-5834.38
95	-5834.38	-5834.38	-5834.38	-5834.38
96	-5834.38	-5834.38	-5834.38	-5834.38
97	-5834.38	-5834.38	-5834.38	-5834.38
98	-5834.38	-5834.38	-5834.38	-5834.38
99	-5834.38	-5834.38	-5834.38	-5834.38
100	-5834.38	-5834.38	-5834.38	-5834.38
1	-5827.45	-5827.45	-5825.81	-5826.28
2	-5827.84	-5827.84	-5826.05	-5826.28
3	-5828.24	-5827.84	-5828.24	-5827.63
4	-5828.71	-5828.71	-5828.24	-5827.63
5	-5829.34	-5828.71	-5829.34	-5827.63
6	-5829.34	-5828.71	-5829.34	-5827.63
7	-5831.67	-5831.67	-5829.34	-5830.84
8	-5831.67	-5831.67	-5829.39	-5830.84
9	-5833.15	-5833.15	-5829.39	-5830.84
10	-5833.15	-5833.15	-5829.73	-5830.84
11	-5833.15	-5833.15	-5829.73	-5830.84
12	-5833.15	-5833.15	-5829.73	-5831.88
13	-5833.15	-5833.15	-5829.79	-5831.88
14	-5833.15	-5833.15	-5829.79	-5831.88
15	-5833.15	-5833.15	-5829.79	-5831.88
16	-5833.15	-5833.15	-5830.31	-5831.88
17	-5833.15	-5833.15	-5830.31	-5831.88
18	-5833.95	-5833.15	-5833.95	-5831.88
19	-5833.95	-5833.15	-5833.95	-5831.88
20	-5833.95	-5833.95	-5833.95	-5833.95
21	-5833.95	-5833.95	-5833.95	-5833.95
22	-5833.95	-5833.95	-5833.95	-5833.95
23	-5833.95	-5833.95	-5833.95	-5833.95
24	-5833.95	-5833.95	-5833.95	-5833.95
25	-5833.95	-5833.95	-5833.95	-5833.95
26	-5833.95	-5833.95	-5833.95	-5833.95
27	-5833.95	-5833.95	-5833.95	-5833.95
28	-5833.95	-5833.95	-5833.95	-5833.95
29	-5833.95	-5833.95	-5833.95	-5833.95
30	-5833.95	-5833.95	-5833.95	-5833.95
31	-5833.95	-5833.95	-5833.95	-5833.95
32	-5833.95	-5833.95	-5833.95	-5833.95
33	-5833.95	-5833.95	-5833.95	-5833.95
34	-5833.95	-5833.95	-5833.95	-5833.95
35	-5833.95	-5833.95	-5833.95	-5833.95
36	-5834.38	-5833.95	-5834.38	-5833.95
37	-5834.38	-5833.95	-5834.38	-5833.95
38	-5834.38	-5833.95	-5834.38	-5833.95
39	-5834.38	-5833.95	-5834.38	-5833.95
40	-5834.38	-5834.38	-5834.38	-5834.38
41	-5834.38	-5834.38	-5834.38	-5834.38
42	-5834.38	-5834.38	-5834.38	-5834.38
43	-5834.38	-5834.38	-5834.38	-5834.38
44	-5834.38	-5834.38	-5834.38	-5834.38
45	-5834.38	-5834.38	-5834.38	-5834.38
46	-5834.38	-5834.38	-5834.38	-5834.38
47	-5834.38	-5834.38	-5834.38	-5834.38
48	-5834.38	-5834.38	-5834.38	-5834.38
49	-5834.38	-5834.38	-5834.38	-5834.38
50	-5834.38	-5834.38	-5834.38	-5834.38
51	-5834.38	-5834.38	-5834.38	-5834.38
52	-5834.38	-5834.38	-5834.38	-5834.38
53	-5834.38	-5834.38	-5834.38	-5834.38
54	-5834.38	-5834.38	-5834.38	-5834.38
55	-5834.38	-5834.38	-5834.38	-5834.38
56	-5834.38	-5834.38	-5834.38	-5834.38
57	-5834.38	-5834.38	-5834.38	-5834.38
58	-5834.38	-5834.38	-5834.38	-5834.38
59	-5834.38	-5834.38	-5834.38	-5834.38
60	-5834.38	-5834.38	-5834.38	-5834.38
61	-5834.38	-5834.38	-5834.38	-5834.38
62	-5834.38	-5834.38	-5834.38	-5834.38
63	-5834.38	-5834.38	-5834.38	-5834.38
64	-5834.38	-5834.38	-5834.38	-5834.38
65	-5834.38	-5834.38	-5834.38	-5834.38
66	-5834.38	-5834.38	-5834.38	-5834.38
67	-5834.38	-5834.38	-5834.38	-5834.38
68	-5834.38	-5834.38	-5834.38	-5834.38
69	-5834.38	-5834.38	-5834.38	-5834.38
70	-5834.38	-5834.38	-5834.38	-5834.38
71	-5834.38	-5834.38	-5834.38	-5834.38
72	-5834.38	-5834.38	-5834.38	-5834.38
73	-5834.38	-5834.38	-5834.38	-5834.38
74	-5834.38	-5834.38	-5834.38	-5834.38
75	-5834.38	-5834.38	-5834.38	-5834.38
76	-5834.38	-5834.38	-5834.38	-5834.38
77	-5834.38	-5834.38	-5834.38	-5834.38
78	-5834.38	-5834.38	-5834.38	-5834.38
79	-5834.38	-5834.38	-5834.38	-5834.38
80	-5834.38	-5834.38	-5834.38	-5834.38
81	-5834.38	-5834.38	-5834.38	-5834.38
82	-5834.38	-5834.38	-5834.38	-5834.38
83	-5834.38	-5834.38	-5834.38	-5834.38
84	-5834.38	-5834.38	-5834.38	-5834.38
85	-5834.38	-5834.38	-5834.38	-5834.38
86	-5834.38	-5834.38	-5834.38	-5834.38
87	-5834.38	-5834.38	-5834.38	-5834.38
88	-5834.38	-5834.38	-5834.38	-5834.38
89	-5834.38	-5834.38	-5834.38	-5834.38
90	-5834.38	-5834.38	-5834.38	-5834.38
91	-5834.38	-5834.38	-5834.38	-5834.38
92	-5834.38	-5834.38	-5834.38	-5834.38
93	-5834.38	-5834.38	-5834.38	-5834.38
94	-5834.38	-5834.38	-5834.38	-5834.38
95	-5834.38	-5834.38	-5834.38	-5834.38
96	-5834.38	-5834.38	-5834.38	-5834.38
97	-5834.38	-5834.38	-5834.38	-5834.38
98	-5834.38	-5834.38	-5834.38	-5834.38
99	-5834.38	-5834.38	-5834.38	-5834.38
100	-5834.38	-5834.38	-5834.38	-5834.38
