1	-8894.32	-8894.32	-8894.32	-8894.32
2	-8917.71	-8894.32	-8917.71	-8894.32
3	-8917.71	-8894.32	-8917.71	-8894.32
4	-8917.71	-8894.32	-8917.71	-8900.19
5	-8917.71	-8894.32	-8917.71	-8900.19
6	-8917.71	-8894.32	-8917.71	-8900.19
7	-8917.71	-8894.32	-8917.71	-8900.19
8	-8917.71	-8894.32	-8917.71	-8900.19
9	-8917.71	-8894.32	-8917.71	-8900.19
10	-8917.71	-8894.32	-8917.71	-8900.19
11	-8917.71	-8894.32	-8917.71	-8900.19
12	-8917.71	-8894.32	-8917.71	-8900.19
13	-8917.71	-8917.71	-8917.71	-8900.19
14	-8917.71	-8917.71	-8917.71	-8900.19
15	-8917.71	-8917.71	-8917.71	-8900.19
16	-8917.71	-8917.71	-8917.71	-8900.19
17	-8917.71	-8917.71	-8917.71	-8900.19
18	-8917.71	-8917.71	-8917.71	-8900.19
19	-8917.71	-8917.71	-8917.71	-8900.19
20	-8917.71	-8917.71	-8917.71	-8917.71
21	-8917.71	-8917.71	-8917.71	-8917.71
22	-8917.71	-8917.71	-8917.71	-8917.71
23	-8917.71	-8917.71	-8917.71	-8917.71
24	-8917.71	-8917.71	-8917.71	-8917.71
25	-8917.71	-8917.71	-8917.71	-8917.71
26	-8917.71	-8917.71	-8917.71	-8917.71
27	-8917.71	-8917.71	-8917.71	-8917.71
28	-8917.71	-8917.71	-8917.71	-8917.71
29	-8917.71	-8917.71	-8917.71	-8917.71
30	-8917.71	-8917.71	-8917.71	-8917.71
31	-8917.71	-8917.71	-8917.71	-8917.71
32	-8917.71	-8917.71	-8917.71	-8917.71
33	-8917.71	-8917.71	-8917.71	-8917.71
34	-8917.71	-8917.71	-8917.71	-8917.71
35	-8917.71	-8917.71	-8917.71	-8917.71
36	-8917.71	-8917.71	-8917.71	-8917.71
37	-8917.71	-8917.71	-8917.71	-8917.71
38	-8917.71	-8917.71	-8917.71	-8917.71
39	-8917.71	-8917.71	-8917.71	-8917.71
40	-8917.71	-8917.71	-8917.71	-8917.71
41	-8917.71	-8917.71	-8917.71	-8917.71
42	-8917.71	-8917.71	-8917.71	-8917.71
43	-8917.71	-8917.71	-8917.71	-8917.71
44	-8917.71	-8917.71	-8917.71	-8917.71
45	-8917.71	-8917.71	-8917.71	-8917.71
46	-8917.71	-8917.71	-8917.71	-8917.71
47	-8917.71	-8917.71	-8917.71	-8917.71
48	-8917.71	-8917.71	-8917.71	-8917.71
49	-8917.71	-8917.71	-8917.71	-8917.71
50	-8917.71	-8917.71	-8917.71	-8917.71
51	-8917.71	-8917.71	-8917.71	-8917.71
52	-8917.71	-8917.71	-8917.71	-8917.71
53	-8917.71	-8917.71	-8917.71	-8917.71
54	-8917.71	-8917.71	-8917.71	-8917.71
55	-8917.71	-8917.71	-8917.71	-8917.71
56	-8917.71	-8917.71	-8917.71	-8917.71
57	-8917.71	-8917.71	-8917.71	-8917.71
58	-8917.71	-8917.71	-8917.71	-8917.71
59	-8917.71	-8917.71	-8917.71	-8917.71
60	-8917.71	-8917.71	-8917.71	-8917.71
61	-8917.71	-8917.71	-8917.71	-8917.71
62	-8917.71	-8917.71	-8917.71	-8917.71
63	-8917.71	-8917.71	-8917.71	-8917.71
64	-8917.71	-8917.71	-8917.71	-8917.71
65	-8917.71	-8917.71	-8917.71	-8917.71
66	-8917.71	-8917.71	-8917.71	-8917.71
67	-8917.71	-8917.71	-8917.71	-8917.71
68	-8917.71	-8917.71	-8917.71	-8917.71
69	-8917.71	-8917.71	-8917.71	-8917.71
70	-8917.71	-8917.71	-8917.71	-8917.71
71	-8917.71	-8917.71	-8917.71	-8917.71
72	-8917.71	-8917.71	-8917.71	-8917.71
73	-8917.71	-8917.71	-8917.71	-8917.71
74	-8917.71	-8917.71	-8917.71	-8917.71
75	-8917.71	-8917.71	-8917.71	-8917.71
76	-8917.71	-8917.71	-8917.71	-8917.71
77	-8917.71	-8917.71	-8917.71	-8917.71
78	-8917.71	-8917.71	-8917.71	-8917.71
79	-8917.71	-8917.71	-8917.71	-8917.71
80	-8917.71	-8917.71	-8917.71	-8917.71
81	-8917.71	-8917.71	-8917.71	-8917.71
82	-8917.71	-8917.71	-8917.71	-8917.71
83	-8917.71	-8917.71	-8917.71	-8917.71
84	-8917.71	-8917.71	-8917.71	-8917.71
85	-8917.71	-8917.71	-8917.71	-8917.71
86	-8917.71	-8917.71	-8917.71	-8917.71
87	-8917.71	-8917.71	-8917.71	-8917.71
88	-8917.71	-8917.71	-8917.71	-8917.71
89	-8917.71	-8917.71	-8917.71	-8917.71
90	-8917.71	-8917.71	-8917.71	-8917.71
91	-8917.71	-8917.71	-8917.71	-8917.71
92	-8917.71	-8917.71	-8917.71	-8917.71
93	-8917.71	-8917.71	-8917.71	-8917.71
94	-8917.71	-8917.71	-8917.71	-8917.71
95	-8917.71	-8917.71	-8917.71	-8917.71
96	-8917.71	-8917.71	-8917.71	-8917.71
97	-8917.71	-8917.71	-8917.71	-8917.71
98	-8917.71	-8917.71	-8917.71	-8917.71
99	-8917.71	-8917.71	-8917.71	-8917.71
100	-8917.71	-8917.71	-8917.71	-8917.71
1	-8894.32	-8883.14	-8894.32	-8894.32
2	-8900.19	-8894.32	-8900.19	-8894.32
3	-8900.19	-8894.32	-8900.19	-8894.32
4	-8900.19	-8894.32	-8900.19	-8894.32
5	-8900.19	-8894.32	-8900.19	-8894.32
6	-8917.71	-8917.71	-8900.19	-8894.32
7	-8917.71	-8917.71	-8900.19	-8900.19
8	-8917.71	-8917.71	-8900.19	-8917.71
9	-8917.71	-8917.71	-8900.19	-8917.71
10	-8917.71	-8917.71	-8900.19	-8917.71
11	-8917.71	-8917.71	-8900.19	-8917.71
12	-8917.71	-8917.71	-8900.19	-8917.71
13	-8917.71	-8917.71	-8900.19	-8917.71
14	-8917.71	-8917.71	-8900.19	-8917.71
15	-8917.71	-8917.71	-8900.19	-8917.71
16	-8917.71	-8917.71	-8900.19	-8917.71
17	-8917.71	-8917.71	-8900.19	-8917.71
18	-8917.71	-8917.71	-8900.19	-8917.71
19	-8917.71	-8917.71	-8900.19	-8917.71
20	-8917.71	-8917.71	-8917.71	-8917.71
21	-8917.71	-8917.71	-8917.71	-8917.71
22	-8917.71	-8917.71	-8917.71	-8917.71
23	-8917.71	-8917.71	-8917.71	-8917.71
24	-8917.71	-8917.71	-8917.71	-8917.71
25	-8917.71	-8917.71	-8917.71	-8917.71
26	-8917.71	-8917.71	-8917.71	-8917.71
27	-8917.71	-8917.71	-8917.71	-8917.71
28	-8917.71	-8917.71	-8917.71	-8917.71
29	-8917.71	-8917.71	-8917.71	-8917.71
30	-8917.71	-8917.71	-8917.71	-8917.71
31	-8917.71	-8917.71	-8917.71	-8917.71
32	-8917.71	-8917.71	-8917.71	-8917.71
33	-8917.71	-8917.71	-8917.71	-8917.71
34	-8917.71	-8917.71	-8917.71	-8917.71
35	-8917.71	-8917.71	-8917.71	-8917.71
36	-8917.71	-8917.71	-8917.71	-8917.71
37	-8917.71	-8917.71	-8917.71	-8917.71
38	-8917.71	-8917.71	-8917.71	-8917.71
39	-8917.71	-8917.71	-8917.71	-8917.71
40	-8917.71	-8917.71	-8917.71	-8917.71
41	-8917.71	-8917.71	-8917.71	-8917.71
42	-8917.71	-8917.71	-8917.71	-8917.71
43	-8917.71	-8917.71	-8917.71	-8917.71
44	-8917.71	-8917.71	-8917.71	-8917.71
45	-8917.71	-8917.71	-8917.71	-8917.71
46	-8917.71	-8917.71	-8917.71	-8917.71
47	-8917.71	-8917.71	-8917.71	-8917.71
48	-8917.71	-8917.71	-8917.71	-8917.71
49	-8917.71	-8917.71	-8917.71	-8917.71
50	-8917.71	-8917.71	-8917.71	-8917.71
51	-8917.71	-8917.71	-8917.71	-8917.71
52	-8917.71	-8917.71	-8917.71	-8917.71
53	-8917.71	-8917.71	-8917.71	-8917.71
54	-8917.71	-8917.71	-8917.71	-8917.71
55	-8917.71	-8917.71	-8917.71	-8917.71
56	-8917.71	-8917.71	-8917.71	-8917.71
57	-8917.71	-8917.71	-8917.71	-8917.71
58	-8917.71	-8917.71	-8917.71	-8917.71
59	-8917.71	-8917.71	-8917.71	-8917.71
60	-8917.71	-8917.71	-8917.71	-8917.71
61	-8917.71	-8917.71	-8917.71	-8917.71
62	-8917.71	-8917.71	-8917.71	-8917.71
63	-8917.71	-8917.71	-8917.71	-8917.71
64	-8917.71	-8917.71	-8917.71	-8917.71
65	-8917.71	-8917.71	-8917.71	-8917.71
66	-8917.71	-8917.71	-8917.71	-8917.71
67	-8917.71	-8917.71	-8917.71	-8917.71
68	-8917.71	-8917.71	-8917.71	-8917.71
69	-8917.71	-8917.71	-8917.71	-8917.71
70	-8917.71	-8917.71	-8917.71	-8917.71
71	-8917.71	-8917.71	-8917.71	-8917.71
72	-8917.71	-8917.71	-8917.71	-8917.71
73	-8917.71	-8917.71	-8917.71	-8917.71
74	-8917.71	-8917.71	-8917.71	-8917.71
75	-8917.71	-8917.71	-8917.71	-8917.71
76	-8917.71	-8917.71	-8917.71	-8917.71
77	-8917.71	-8917.71	-8917.71	-8917.71
78	-8917.71	-8917.71	-8917.71	-8917.71
79	-8917.71	-8917.71	-8917.71	-8917.71
80	-8917.71	-8917.71	-8917.71	-8917.71
81	-8917.71	-8917.71	-8917.71	-8917.71
82	-8917.71	-8917.71	-8917.71	-8917.71
83	-8917.71	-8917.71	-8917.71	-8917.71
84	-8917.71	-8917.71	-8917.71	-8917.71
85	-8917.71	-8917.71	-8917.71	-8917.71
86	-8917.71	-8917.71	-8917.71	-8917.71
87	-8917.71	-8917.71	-8917.71	-8917.71
88	-8917.71	-8917.71	-8917.71	-8917.71
89	-8917.71	-8917.71	-8917.71	-8917.71
90	-8917.71	-8917.71	-8917.71	-8917.71
91	-8917.71	-8917.71	-8917.71	-8917.71
92	-8917.71	-8917.71	-8917.71	-8917.71
93	-8917.71	-8917.71	-8917.71	-8917.71
94	-8917.71	-8917.71	-8917.71	-8917.71
95	-8917.71	-8917.71	-8917.71	-8917.71
96	-8917.71	-8917.71	-8917.71	-8917.71
97	-8917.71	-8917.71	-8917.71	-8917.71
98	-8917.71	-8917.71	-8917.71	-8917.71
99	-8917.71	-8917.71	-8917.71	-8917.71
100	-8917.71	-8917.71	-8917.71	-8917.71
1	-8900.19	-8894.32	-8900.19	-8884.85
2	-8917.71	-8894.32	-8917.71	-8884.85
3	-8917.71	-8894.32	-8917.71	-8917.71
4	-8917.71	-8894.32	-8917.71	-8917.71
5	-8917.71	-8894.32	-8917.71	-8917.71
6	-8917.71	-8894.32	-8917.71	-8917.71
7	-8917.71	-8894.32	-8917.71	-8917.71
8	-8917.71	-8894.32	-8917.71	-8917.71
9	-8917.71	-8917.71	-8917.71	-8917.71
10	-8917.71	-8917.71	-8917.71	-8917.71
11	-8917.71	-8917.71	-8917.71	-8917.71
12	-8917.71	-8917.71	-8917.71	-8917.71
13	-8917.71	-8917.71	-8917.71	-8917.71
14	-8917.71	-8917.71	-8917.71	-8917.71
15	-8917.71	-8917.71	-8917.71	-8917.71
16	-8917.71	-8917.71	-8917.71	-8917.71
17	-8917.71	-8917.71	-8917.71	-8917.71
18	-8917.71	-8917.71	-8917.71	-8917.71
19	-8917.71	-8917.71	-8917.71	-8917.71
20	-8917.71	-8917.71	-8917.71	-8917.71
21	-8917.71	-8917.71	-8917.71	-8917.71
22	-8917.71	-8917.71	-8917.71	-8917.71
23	-8917.71	-8917.71	-8917.71	-8917.71
24	-8917.71	-8917.71	-8917.71	-8917.71
25	-8917.71	-8917.71	-8917.71	-8917.71
26	-8917.71	-8917.71	-8917.71	-8917.71
27	-8917.71	-8917.71	-8917.71	-8917.71
28	-8917.71	-8917.71	-8917.71	-8917.71
29	-8917.71	-8917.71	-8917.71	-8917.71
30	-8917.71	-8917.71	-8917.71	-8917.71
31	-8917.71	-8917.71	-8917.71	-8917.71
32	-8917.71	-8917.71	-8917.71	-8917.71
33	-8917.71	-8917.71	-8917.71	-8917.71
34	-8917.71	-8917.71	-8917.71	-8917.71
35	-8917.71	-8917.71	-8917.71	-8917.71
36	-8917.71	-8917.71	-8917.71	-8917.71
37	-8917.71	-8917.71	-8917.71	-8917.71
38	-8917.71	-8917.71	-8917.71	-8917.71
39	-8917.71	-8917.71	-8917.71	-8917.71
40	-8917.71	-8917.71	-8917.71	-8917.71
41	-8917.71	-8917.71	-8917.71	-8917.71
42	-8917.71	-8917.71	-8917.71	-8917.71
43	-8917.71	-8917.71	-8917.71	-8917.71
44	-8917.71	-8917.71	-8917.71	-8917.71
45	-8917.71	-8917.71	-8917.71	-8917.71
46	-8917.71	-8917.71	-8917.71	-8917.71
47	-8917.71	-8917.71	-8917.71	-8917.71
48	-8917.71	-8917.71	-8917.71	-8917.71
49	-8917.71	-8917.71	-8917.71	-8917.71
50	-8917.71	-8917.71	-8917.71	-8917.71
51	-8917.71	-8917.71	-8917.71	-8917.71
52	-8917.71	-8917.71	-8917.71	-8917.71
53	-8917.71	-8917.71	-8917.71	-8917.71
54	-8917.71	-8917.71	-8917.71	-8917.71
55	-8917.71	-8917.71	-8917.71	-8917.71
56	-8917.71	-8917.71	-8917.71	-8917.71
57	-8917.71	-8917.71	-8917.71	-8917.71
58	-8917.71	-8917.71	-8917.71	-8917.71
59	-8917.71	-8917.71	-8917.71	-8917.71
60	-8917.71	-8917.71	-8917.71	-8917.71
61	-8917.71	-8917.71	-8917.71	-8917.71
62	-8917.71	-8917.71	-8917.71	-8917.71
63	-8917.71	-8917.71	-8917.71	-8917.71
64	-8917.71	-8917.71	-8917.71	-8917.71
65	-8917.71	-8917.71	-8917.71	-8917.71
66	-8917.71	-8917.71	-8917.71	-8917.71
67	-8917.71	-8917.71	-8917.71	-8917.71
68	-8917.71	-8917.71	-8917.71	-8917.71
69	-8917.71	-8917.71	-8917.71	-8917.71
70	-8917.71	-8917.71	-8917.71	-8917.71
71	-8917.71	-8917.71	-8917.71	-8917.71
72	-8917.71	-8917.71	-8917.71	-8917.71
73	-8917.71	-8917.71	-8917.71	-8917.71
74	-8917.71	-8917.71	-8917.71	-8917.71
75	-8917.71	-8917.71	-8917.71	-8917.71
76	-8917.71	-8917.71	-8917.71	-8917.71
77	-8917.71	-8917.71	-8917.71	-8917.71
78	-8917.71	-8917.71	-8917.71	-8917.71
79	-8917.71	-8917.71	-8917.71	-8917.71
80	-8917.71	-8917.71	-8917.71	-8917.71
81	-8917.71	-8917.71	-8917.71	-8917.71
82	-8917.71	-8917.71	-8917.71	-8917.71
83	-8917.71	-8917.71	-8917.71	-8917.71
84	-8917.71	-8917.71	-8917.71	-8917.71
85	-8917.71	-8917.71	-8917.71	-8917.71
86	-8917.71	-8917.71	-8917.71	-8917.71
87	-8917.71	-8917.71	-8917.71	-8917.71
88	-8917.71	-8917.71	-8917.71	-8917.71
89	-8917.71	-8917.71	-8917.71	-8917.71
90	-8917.71	-8917.71	-8917.71	-8917.71
91	-8917.71	-8917.71	-8917.71	-8917.71
92	-8917.71	-8917.71	-8917.71	-8917.71
93	-8917.71	-8917.71	-8917.71	-8917.71
94	-8917.71	-8917.71	-8917.71	-8917.71
95	-8917.71	-8917.71	-8917.71	-8917.71
96	-8917.71	-8917.71	-8917.71	-8917.71
97	-8917.71	-8917.71	-8917.71	-8917.71
98	-8917.71	-8917.71	-8917.71	-8917.71
99	-8917.71	-8917.71	-8917.71	-8917.71
100	-8917.71	-8917.71	-8917.71	-8917.71
