1	-9798.47	-9787.9	-9798.47	-9765.51
2	-9798.47	-9788.05	-9798.47	-9770.12
3	-9798.47	-9794.34	-9798.47	-9776.67
4	-9806.55	-9794.34	-9798.47	-9806.55
5	-9806.55	-9794.34	-9798.47	-9806.55
6	-9814.6	-9794.34	-9814.6	-9807.39
7	-9815.77	-9803.98	-9815.77	-9807.39
8	-9820.05	-9803.98	-9820.05	-9808.19
9	-9820.05	-9803.98	-9820.05	-9808.19
10	-9820.05	-9803.98	-9820.05	-9808.19
11	-9821.14	-9803.98	-9821.14	-9808.19
12	-9824.56	-9803.98	-9824.56	-9808.19
13	-9825.2	-9803.98	-9825.2	-9808.19
14	-9825.2	-9803.98	-9825.2	-9808.81
15	-9825.2	-9803.98	-9825.2	-9808.81
16	-9825.2	-9803.98	-9825.2	-9808.81
17	-9825.2	-9803.98	-9825.2	-9808.81
18	-9825.2	-9803.98	-9825.2	-9808.81
19	-9825.2	-9805.73	-9825.2	-9808.81
20	-9825.2	-9825.2	-9825.2	-9825.2
21	-9826.97	-9825.2	-9826.97	-9825.2
22	-9826.97	-9825.2	-9826.97	-9825.32
23	-9826.97	-9825.2	-9826.97	-9825.32
24	-9826.97	-9826.02	-9826.97	-9825.94
25	-9828	-9826.02	-9828	-9825.94
26	-9828	-9826.02	-9828	-9826.35
27	-9828	-9826.02	-9828	-9826.35
28	-9829.06	-9826.02	-9828	-9829.06
29	-9829.06	-9826.02	-9828	-9829.06
30	-9829.06	-9826.02	-9828	-9829.06
31	-9829.06	-9826.02	-9828	-9829.06
32	-9829.06	-9826.02	-9828	-9829.06
33	-9834.36	-9826.02	-9834.36	-9829.06
34	-9834.36	-9826.02	-9834.36	-9829.76
35	-9834.36	-9827.02	-9834.36	-9829.76
36	-9834.36	-9827.02	-9834.36	-9829.76
37	-9834.36	-9827.02	-9834.36	-9829.76
38	-9834.36	-9827.02	-9834.36	-9831.77
39	-9834.36	-9827.02	-9834.36	-9831.77
40	-9834.4	-9834.4	-9834.4	-9834.4
41	-9836.44	-9834.55	-9836.44	-9834.4
42	-9836.44	-9834.55	-9836.44	-9834.4
43	-9836.44	-9834.55	-9836.44	-9834.4
44	-9836.44	-9834.55	-9836.44	-9834.4
45	-9836.44	-9834.55	-9836.44	-9834.4
46	-9836.44	-9834.75	-9836.44	-9834.4
47	-9836.44	-9834.75	-9836.44	-9834.4
48	-9836.44	-9834.75	-9836.44	-9834.4
49	-9836.96	-9834.75	-9836.96	-9834.4
50	-9836.96	-9834.75	-9836.96	-9834.4
51	-9836.96	-9834.75	-9836.96	-9834.4
52	-9836.96	-9834.75	-9836.96	-9834.4
53	-9836.96	-9834.75	-9836.96	-9834.4
54	-9836.96	-9834.75	-9836.96	-9834.4
55	-9836.96	-9834.75	-9836.96	-9834.4
56	-9836.96	-9834.75	-9836.96	-9834.4
57	-9836.96	-9834.75	-9836.96	-9834.4
58	-9836.96	-9834.75	-9836.96	-9834.4
59	-9836.96	-9834.95	-9836.96	-9834.4
60	-9836.96	-9836.96	-9836.96	-9836.96
61	-9836.96	-9836.96	-9836.96	-9836.96
62	-9836.96	-9836.96	-9836.96	-9836.96
63	-9836.96	-9836.96	-9836.96	-9836.96
64	-9836.96	-9836.96	-9836.96	-9836.96
65	-9836.96	-9836.96	-9836.96	-9836.96
66	-9837.35	-9836.96	-9837.35	-9836.96
67	-9837.35	-9836.96	-9837.35	-9836.96
68	-9837.35	-9836.96	-9837.35	-9836.96
69	-9837.35	-9836.96	-9837.35	-9836.96
70	-9837.35	-9836.96	-9837.35	-9836.96
71	-9837.35	-9836.96	-9837.35	-9836.96
72	-9837.35	-9836.96	-9837.35	-9836.96
73	-9837.35	-9836.96	-9837.35	-9836.96
74	-9837.35	-9836.96	-9837.35	-9836.96
75	-9837.35	-9836.96	-9837.35	-9836.96
76	-9837.35	-9836.96	-9837.35	-9836.96
77	-9837.35	-9836.96	-9837.35	-9836.96
78	-9837.35	-9836.96	-9837.35	-9836.96
79	-9837.35	-9836.96	-9837.35	-9836.96
80	-9837.35	-9837.35	-9837.35	-9837.35
81	-9837.35	-9837.35	-9837.35	-9837.35
82	-9837.35	-9837.35	-9837.35	-9837.35
83	-9837.35	-9837.35	-9837.35	-9837.35
84	-9837.35	-9837.35	-9837.35	-9837.35
85	-9837.35	-9837.35	-9837.35	-9837.35
86	-9837.38	-9837.35	-9837.35	-9837.38
87	-9837.38	-9837.35	-9837.35	-9837.38
88	-9837.38	-9837.35	-9837.35	-9837.38
89	-9837.38	-9837.35	-9837.35	-9837.38
90	-9837.38	-9837.35	-9837.35	-9837.38
91	-9837.38	-9837.35	-9837.35	-9837.38
92	-9837.38	-9837.35	-9837.35	-9837.38
93	-9837.38	-9837.35	-9837.35	-9837.38
94	-9837.38	-9837.35	-9837.35	-9837.38
95	-9837.38	-9837.35	-9837.35	-9837.38
96	-9837.38	-9837.35	-9837.35	-9837.38
97	-9837.85	-9837.35	-9837.85	-9837.38
98	-9837.85	-9837.35	-9837.85	-9837.38
99	-9837.85	-9837.35	-9837.85	-9837.38
100	-9837.85	-9837.85	-9837.85	-9837.85
1	-9794.01	-9777.8	-9794.01	-9775.01
2	-9798.56	-9796.96	-9798.56	-9782.48
3	-9802.27	-9797.91	-9802.27	-9782.48
4	-9825.68	-9797.91	-9825.68	-9782.48
5	-9826.52	-9799.25	-9826.52	-9784.22
6	-9826.52	-9799.25	-9826.52	-9784.22
7	-9826.52	-9801.92	-9826.52	-9784.22
8	-9826.52	-9801.92	-9826.52	-9785.04
9	-9826.52	-9802.48	-9826.52	-9785.04
10	-9827.4	-9802.48	-9827.4	-9790.02
11	-9827.4	-9802.48	-9827.4	-9790.75
12	-9827.4	-9802.48	-9827.4	-9793.95
13	-9827.4	-9802.48	-9827.4	-9800.62
14	-9827.4	-9802.48	-9827.4	-9800.62
15	-9827.4	-9802.48	-9827.4	-9800.62
16	-9827.72	-9802.83	-9827.72	-9800.62
17	-9827.72	-9802.83	-9827.72	-9800.62
18	-9827.72	-9802.83	-9827.72	-9803.48
19	-9830.8	-9802.83	-9830.8	-9803.48
20	-9835.9	-9835.9	-9835.9	-9835.9
21	-9835.9	-9835.9	-9835.9	-9835.9
22	-9835.9	-9835.9	-9835.9	-9835.9
23	-9835.96	-9835.9	-9835.96	-9835.9
24	-9835.96	-9835.9	-9835.96	-9835.9
25	-9836.01	-9835.9	-9835.96	-9836.01
26	-9836.01	-9835.9	-9835.96	-9836.01
27	-9836.01	-9835.9	-9835.96	-9836.01
28	-9836.01	-9835.9	-9835.96	-9836.01
29	-9836.01	-9835.9	-9835.96	-9836.01
30	-9836.43	-9835.9	-9836.43	-9836.01
31	-9836.43	-9835.9	-9836.43	-9836.01
32	-9836.43	-9835.9	-9836.43	-9836.01
33	-9836.43	-9835.9	-9836.43	-9836.01
34	-9836.43	-9835.9	-9836.43	-9836.01
35	-9836.43	-9835.9	-9836.43	-9836.01
36	-9836.43	-9835.9	-9836.43	-9836.01
37	-9836.43	-9835.9	-9836.43	-9836.01
38	-9836.43	-9835.9	-9836.43	-9836.01
39	-9836.43	-9835.9	-9836.43	-9836.01
40	-9836.43	-9836.43	-9836.43	-9836.43
41	-9836.43	-9836.43	-9836.43	-9836.43
42	-9836.78	-9836.43	-9836.78	-9836.43
43	-9836.78	-9836.43	-9836.78	-9836.43
44	-9837.13	-9837.13	-9836.78	-9836.43
45	-9837.13	-9837.13	-9836.78	-9836.43
46	-9837.13	-9837.13	-9836.78	-9836.43
47	-9837.33	-9837.13	-9837.33	-9836.43
48	-9837.33	-9837.13	-9837.33	-9836.43
49	-9837.33	-9837.13	-9837.33	-9836.43
50	-9837.33	-9837.13	-9837.33	-9836.43
51	-9837.33	-9837.13	-9837.33	-9836.43
52	-9837.33	-9837.13	-9837.33	-9836.43
53	-9837.33	-9837.13	-9837.33	-9836.43
54	-9837.33	-9837.13	-9837.33	-9836.43
55	-9837.33	-9837.13	-9837.33	-9836.43
56	-9837.33	-9837.13	-9837.33	-9836.43
57	-9837.33	-9837.13	-9837.33	-9836.43
58	-9837.33	-9837.13	-9837.33	-9836.43
59	-9837.33	-9837.13	-9837.33	-9836.43
60	-9837.33	-9837.33	-9837.33	-9837.33
61	-9837.33	-9837.33	-9837.33	-9837.33
62	-9837.33	-9837.33	-9837.33	-9837.33
63	-9837.33	-9837.33	-9837.33	-9837.33
64	-9837.33	-9837.33	-9837.33	-9837.33
65	-9837.33	-9837.33	-9837.33	-9837.33
66	-9837.33	-9837.33	-9837.33	-9837.33
67	-9837.33	-9837.33	-9837.33	-9837.33
68	-9837.33	-9837.33	-9837.33	-9837.33
69	-9837.33	-9837.33	-9837.33	-9837.33
70	-9837.33	-9837.33	-9837.33	-9837.33
71	-9837.33	-9837.33	-9837.33	-9837.33
72	-9837.33	-9837.33	-9837.33	-9837.33
73	-9837.33	-9837.33	-9837.33	-9837.33
74	-9837.33	-9837.33	-9837.33	-9837.33
75	-9837.33	-9837.33	-9837.33	-9837.33
76	-9837.33	-9837.33	-9837.33	-9837.33
77	-9837.33	-9837.33	-9837.33	-9837.33
78	-9837.33	-9837.33	-9837.33	-9837.33
79	-9837.33	-9837.33	-9837.33	-9837.33
80	-9837.33	-9837.33	-9837.33	-9837.33
81	-9837.33	-9837.33	-9837.33	-9837.33
82	-9837.33	-9837.33	-9837.33	-9837.33
83	-9837.33	-9837.33	-9837.33	-9837.33
84	-9837.33	-9837.33	-9837.33	-9837.33
85	-9837.33	-9837.33	-9837.33	-9837.33
86	-9837.33	-9837.33	-9837.33	-9837.33
87	-9837.33	-9837.33	-9837.33	-9837.33
88	-9837.33	-9837.33	-9837.33	-9837.33
89	-9837.33	-9837.33	-9837.33	-9837.33
90	-9837.33	-9837.33	-9837.33	-9837.33
91	-9837.33	-9837.33	-9837.33	-9837.33
92	-9837.33	-9837.33	-9837.33	-9837.33
93	-9837.33	-9837.33	-9837.33	-9837.33
94	-9837.33	-9837.33	-9837.33	-9837.33
95	-9837.33	-9837.33	-9837.33	-9837.33
96	-9837.33	-9837.33	-9837.33	-9837.33
97	-9837.33	-9837.33	-9837.33	-9837.33
98	-9837.33	-9837.33	-9837.33	-9837.33
99	-9837.33	-9837.33	-9837.33	-9837.33
100	-9837.33	-9837.33	-9837.33	-9837.33
1	-9771.02	-9768.05	-9771.02	-9769.32
2	-9785.28	-9781.09	-9785.28	-9781.71
3	-9797.5	-9782.94	-9785.28	-9797.5
4	-9797.5	-9782.94	-9786.88	-9797.5
5	-9797.5	-9786.21	-9786.88	-9797.5
6	-9798.09	-9797.95	-9798.09	-9797.5
7	-9798.23	-9797.95	-9798.09	-9798.23
8	-9798.23	-9797.95	-9798.09	-9798.23
9	-9798.23	-9797.95	-9798.09	-9798.23
10	-9799.81	-9797.95	-9798.09	-9799.81
11	-9800.1	-9797.95	-9800.1	-9799.81
12	-9800.8	-9797.95	-9800.1	-9800.8
13	-9800.8	-9797.95	-9800.1	-9800.8
14	-9800.8	-9797.95	-9800.1	-9800.8
15	-9800.8	-9797.95	-9800.1	-9800.8
16	-9800.8	-9797.95	-9800.1	-9800.8
17	-9800.8	-9797.95	-9800.1	-9800.8
18	-9800.86	-9800.86	-9800.1	-9800.8
19	-9800.86	-9800.86	-9800.1	-9800.8
20	-9800.86	-9800.86	-9800.86	-9800.86
21	-9801.64	-9801.64	-9800.86	-9800.86
22	-9801.64	-9801.64	-9800.86	-9800.86
23	-9802.21	-9801.64	-9802.21	-9800.86
24	-9802.21	-9801.64	-9802.21	-9800.86
25	-9804.77	-9801.64	-9804.77	-9802.42
26	-9804.77	-9801.64	-9804.77	-9802.42
27	-9804.77	-9801.64	-9804.77	-9802.42
28	-9824.73	-9803.63	-9824.73	-9803.11
29	-9824.96	-9803.63	-9824.96	-9803.11
30	-9824.96	-9803.63	-9824.96	-9803.11
31	-9824.96	-9808.94	-9824.96	-9803.11
32	-9824.96	-9808.94	-9824.96	-9803.11
33	-9826.45	-9808.94	-9826.45	-9803.11
34	-9826.45	-9809.35	-9826.45	-9803.46
35	-9829.03	-9810.64	-9829.03	-9807.19
36	-9829.03	-9810.64	-9829.03	-9807.19
37	-9829.03	-9810.64	-9829.03	-9807.19
38	-9829.03	-9812.92	-9829.03	-9807.19
39	-9829.03	-9812.92	-9829.03	-9807.37
40	-9829.03	-9829.03	-9829.03	-9829.03
41	-9829.03	-9829.03	-9829.03	-9829.03
42	-9830.02	-9829.94	-9830.02	-9829.03
43	-9830.02	-9829.94	-9830.02	-9829.03
44	-9831.78	-9831.78	-9830.02	-9829.03
45	-9831.78	-9831.78	-9830.6	-9829.03
46	-9831.78	-9831.78	-9830.6	-9829.03
47	-9831.78	-9831.78	-9831.44	-9829.03
48	-9833.27	-9833.27	-9831.44	-9829.03
49	-9833.27	-9833.27	-9831.44	-9829.03
50	-9833.27	-9833.27	-9831.44	-9829.03
51	-9833.27	-9833.27	-9831.44	-9829.03
52	-9833.27	-9833.27	-9831.54	-9829.03
53	-9833.27	-9833.27	-9831.54	-9829.03
54	-9833.27	-9833.27	-9831.54	-9829.03
55	-9833.27	-9833.27	-9831.54	-9829.03
56	-9833.27	-9833.27	-9831.54	-9829.03
57	-9833.27	-9833.27	-9831.54	-9831.05
58	-9833.29	-9833.29	-9831.54	-9831.05
59	-9833.29	-9833.29	-9831.54	-9831.05
60	-9833.29	-9833.29	-9833.29	-9833.29
61	-9833.29	-9833.29	-9833.29	-9833.29
62	-9833.77	-9833.77	-9833.29	-9833.29
63	-9833.77	-9833.77	-9833.29	-9833.29
64	-9833.77	-9833.77	-9833.6	-9833.29
65	-9834.01	-9833.77	-9834.01	-9833.51
66	-9834.02	-9834.02	-9834.01	-9833.51
67	-9834.02	-9834.02	-9834.01	-9833.51
68	-9836.48	-9834.02	-9836.48	-9833.51
69	-9836.48	-9834.02	-9836.48	-9833.51
70	-9836.48	-9834.05	-9836.48	-9833.51
71	-9836.48	-9834.05	-9836.48	-9833.51
72	-9836.48	-9834.05	-9836.48	-9833.51
73	-9836.48	-9834.05	-9836.48	-9833.51
74	-9836.48	-9834.05	-9836.48	-9833.51
75	-9836.48	-9834.05	-9836.48	-9833.51
76	-9836.48	-9836.16	-9836.48	-9833.51
77	-9836.48	-9836.16	-9836.48	-9833.51
78	-9836.48	-9836.16	-9836.48	-9833.51
79	-9836.48	-9836.16	-9836.48	-9833.51
80	-9836.48	-9836.48	-9836.48	-9836.48
81	-9836.48	-9836.48	-9836.48	-9836.48
82	-9836.48	-9836.48	-9836.48	-9836.48
83	-9836.48	-9836.48	-9836.48	-9836.48
84	-9836.48	-9836.48	-9836.48	-9836.48
85	-9836.48	-9836.48	-9836.48	-9836.48
86	-9836.48	-9836.48	-9836.48	-9836.48
87	-9836.48	-9836.48	-9836.48	-9836.48
88	-9836.48	-9836.48	-9836.48	-9836.48
89	-9836.82	-9836.48	-9836.82	-9836.48
90	-9836.82	-9836.48	-9836.82	-9836.48
91	-9836.82	-9836.48	-9836.82	-9836.48
92	-9837.24	-9836.48	-9837.24	-9836.48
93	-9837.24	-9836.48	-9837.24	-9836.48
94	-9837.24	-9836.48	-9837.24	-9836.48
95	-9837.24	-9836.52	-9837.24	-9836.48
96	-9837.24	-9836.52	-9837.24	-9836.48
97	-9837.24	-9836.52	-9837.24	-9836.48
98	-9837.24	-9836.52	-9837.24	-9836.48
99	-9837.24	-9836.52	-9837.24	-9836.48
100	-9837.24	-9837.24	-9837.24	-9837.24
