1	-165.062	-163.902	-164.266	-165.062
2	-165.455	-164.437	-164.266	-165.455
3	-165.455	-164.437	-164.428	-165.455
4	-165.695	-165.347	-164.509	-165.695
5	-165.695	-165.504	-164.509	-165.695
6	-165.944	-165.944	-164.636	-165.695
7	-166.3	-165.944	-165.714	-166.3
8	-166.3	-166.067	-165.842	-166.3
9	-166.766	-166.067	-166.766	-166.3
10	-166.766	-166.067	-166.766	-166.3
11	-166.766	-166.067	-166.766	-166.3
12	-166.766	-166.243	-166.766	-166.3
13	-166.766	-166.243	-166.766	-166.3
14	-166.86	-166.275	-166.86	-166.3
15	-166.86	-166.275	-166.86	-166.366
16	-167.053	-166.277	-167.053	-166.366
17	-167.053	-166.277	-167.053	-166.366
18	-167.053	-166.277	-167.053	-166.366
19	-167.053	-166.277	-167.053	-166.366
20	-167.053	-167.053	-167.053	-167.053
21	-167.053	-167.053	-167.053	-167.053
22	-167.053	-167.053	-167.053	-167.053
23	-167.053	-167.053	-167.053	-167.053
24	-167.053	-167.053	-167.053	-167.053
25	-167.053	-167.053	-167.053	-167.053
26	-167.053	-167.053	-167.053	-167.053
27	-167.053	-167.053	-167.053	-167.053
28	-167.053	-167.053	-167.053	-167.053
29	-167.053	-167.053	-167.053	-167.053
30	-167.053	-167.053	-167.053	-167.053
31	-167.053	-167.053	-167.053	-167.053
32	-167.071	-167.058	-167.071	-167.053
33	-167.071	-167.058	-167.071	-167.053
34	-167.071	-167.058	-167.071	-167.053
35	-167.071	-167.058	-167.071	-167.053
36	-167.071	-167.058	-167.071	-167.053
37	-167.071	-167.058	-167.071	-167.053
38	-167.071	-167.058	-167.071	-167.053
39	-167.071	-167.058	-167.071	-167.053
40	-167.071	-167.071	-167.071	-167.071
41	-167.071	-167.071	-167.071	-167.071
42	-167.071	-167.071	-167.071	-167.071
43	-167.071	-167.071	-167.071	-167.071
44	-167.071	-167.071	-167.071	-167.071
45	-167.071	-167.071	-167.071	-167.071
46	-167.071	-167.071	-167.071	-167.071
47	-167.071	-167.071	-167.071	-167.071
48	-167.071	-167.071	-167.071	-167.071
49	-167.071	-167.071	-167.071	-167.071
50	-167.071	-167.071	-167.071	-167.071
51	-167.071	-167.071	-167.071	-167.071
52	-167.098	-167.071	-167.098	-167.071
53	-167.098	-167.071	-167.098	-167.071
54	-167.098	-167.071	-167.098	-167.071
55	-167.098	-167.071	-167.098	-167.071
56	-167.098	-167.071	-167.098	-167.071
57	-167.098	-167.071	-167.098	-167.071
58	-167.098	-167.071	-167.098	-167.071
59	-167.098	-167.071	-167.098	-167.071
60	-167.098	-167.098	-167.098	-167.098
61	-167.159	-167.098	-167.159	-167.098
62	-167.159	-167.098	-167.159	-167.098
63	-167.159	-167.098	-167.159	-167.098
64	-167.159	-167.098	-167.159	-167.098
65	-167.193	-167.098	-167.193	-167.098
66	-167.273	-167.098	-167.273	-167.098
67	-167.273	-167.098	-167.273	-167.098
68	-167.337	-167.098	-167.337	-167.098
69	-167.337	-167.098	-167.337	-167.098
70	-167.345	-167.273	-167.345	-167.098
71	-167.345	-167.273	-167.345	-167.098
72	-167.345	-167.273	-167.345	-167.098
73	-167.345	-167.273	-167.345	-167.098
74	-167.345	-167.273	-167.345	-167.098
75	-167.345	-167.273	-167.345	-167.098
76	-167.345	-167.273	-167.345	-167.098
77	-167.345	-167.273	-167.345	-167.298
78	-167.345	-167.273	-167.345	-167.298
79	-167.345	-167.273	-167.345	-167.298
80	-167.345	-167.345	-167.345	-167.345
81	-167.345	-167.345	-167.345	-167.345
82	-167.361	-167.361	-167.345	-167.345
83	-167.369	-167.361	-167.369	-167.345
84	-167.369	-167.361	-167.369	-167.345
85	-167.369	-167.361	-167.369	-167.345
86	-167.369	-167.361	-167.369	-167.345
87	-167.369	-167.361	-167.369	-167.345
88	-167.369	-167.361	-167.369	-167.345
89	-167.369	-167.361	-167.369	-167.345
90	-167.369	-167.361	-167.369	-167.345
91	-167.369	-167.361	-167.369	-167.345
92	-167.369	-167.361	-167.369	-167.345
93	-167.369	-167.366	-167.369	-167.345
94	-167.369	-167.366	-167.369	-167.345
95	-167.369	-167.366	-167.369	-167.345
96	-167.369	-167.366	-167.369	-167.345
97	-167.369	-167.366	-167.369	-167.345
98	-167.369	-167.366	-167.369	-167.345
99	-167.369	-167.366	-167.369	-167.345
100	-167.369	-167.369	-167.369	-167.369
1	-164.416	-163.802	-164.416	-163.694
2	-164.707	-164.176	-164.707	-163.771
3	-165.541	-164.176	-165.541	-164.548
4	-165.541	-165.096	-165.541	-164.889
5	-165.585	-165.432	-165.585	-164.889
6	-166.696	-166.129	-165.585	-166.696
7	-166.967	-166.677	-165.585	-166.967
8	-166.967	-166.677	-165.687	-166.967
9	-166.967	-166.677	-165.903	-166.967
10	-166.967	-166.677	-166.152	-166.967
11	-166.967	-166.677	-166.152	-166.967
12	-166.967	-166.677	-166.152	-166.967
13	-167.083	-166.724	-166.152	-167.083
14	-167.083	-166.724	-166.152	-167.083
15	-167.083	-166.724	-166.631	-167.083
16	-167.083	-166.724	-166.631	-167.083
17	-167.083	-166.724	-166.631	-167.083
18	-167.083	-166.941	-166.631	-167.083
19	-167.083	-166.961	-166.631	-167.083
20	-167.093	-167.093	-167.093	-167.093
21	-167.191	-167.191	-167.093	-167.093
22	-167.2	-167.2	-167.093	-167.093
23	-167.2	-167.2	-167.093	-167.093
24	-167.2	-167.2	-167.095	-167.093
25	-167.248	-167.248	-167.194	-167.093
26	-167.248	-167.248	-167.194	-167.115
27	-167.248	-167.248	-167.194	-167.115
28	-167.496	-167.496	-167.339	-167.115
29	-167.496	-167.496	-167.429	-167.115
30	-167.496	-167.496	-167.429	-167.323
31	-167.496	-167.496	-167.429	-167.323
32	-167.496	-167.496	-167.429	-167.323
33	-167.591	-167.496	-167.591	-167.323
34	-167.591	-167.572	-167.591	-167.323
35	-167.826	-167.572	-167.826	-167.323
36	-167.826	-167.572	-167.826	-167.323
37	-167.826	-167.572	-167.826	-167.323
38	-167.826	-167.572	-167.826	-167.323
39	-167.826	-167.572	-167.826	-167.323
40	-167.826	-167.826	-167.826	-167.826
41	-167.83	-167.826	-167.83	-167.826
42	-167.83	-167.826	-167.83	-167.83
43	-167.83	-167.826	-167.83	-167.83
44	-167.85	-167.826	-167.85	-167.83
45	-167.85	-167.826	-167.85	-167.83
46	-167.85	-167.826	-167.85	-167.83
47	-167.85	-167.826	-167.85	-167.83
48	-167.85	-167.826	-167.85	-167.83
49	-167.85	-167.826	-167.85	-167.83
50	-167.85	-167.832	-167.85	-167.83
51	-167.85	-167.85	-167.85	-167.83
52	-167.85	-167.85	-167.85	-167.83
53	-167.85	-167.85	-167.85	-167.83
54	-167.85	-167.85	-167.85	-167.83
55	-167.85	-167.85	-167.85	-167.83
56	-167.85	-167.85	-167.85	-167.83
57	-167.85	-167.85	-167.85	-167.83
58	-167.85	-167.85	-167.85	-167.83
59	-167.85	-167.85	-167.85	-167.83
60	-167.85	-167.85	-167.85	-167.85
61	-167.85	-167.85	-167.85	-167.85
62	-167.85	-167.85	-167.85	-167.85
63	-167.85	-167.85	-167.85	-167.85
64	-167.85	-167.85	-167.85	-167.85
65	-167.85	-167.85	-167.85	-167.85
66	-167.857	-167.85	-167.857	-167.85
67	-167.857	-167.85	-167.857	-167.85
68	-167.857	-167.85	-167.857	-167.85
69	-167.857	-167.85	-167.857	-167.85
70	-167.857	-167.85	-167.857	-167.85
71	-167.857	-167.85	-167.857	-167.85
72	-167.857	-167.85	-167.857	-167.85
73	-167.857	-167.85	-167.857	-167.85
74	-167.857	-167.85	-167.857	-167.85
75	-167.857	-167.85	-167.857	-167.85
76	-167.857	-167.85	-167.857	-167.85
77	-167.857	-167.85	-167.857	-167.85
78	-167.857	-167.85	-167.857	-167.85
79	-167.857	-167.85	-167.857	-167.85
80	-167.857	-167.857	-167.857	-167.857
81	-167.857	-167.857	-167.857	-167.857
82	-167.857	-167.857	-167.857	-167.857
83	-167.857	-167.857	-167.857	-167.857
84	-167.857	-167.857	-167.857	-167.857
85	-167.857	-167.857	-167.857	-167.857
86	-167.857	-167.857	-167.857	-167.857
87	-167.857	-167.857	-167.857	-167.857
88	-167.857	-167.857	-167.857	-167.857
89	-167.857	-167.857	-167.857	-167.857
90	-167.857	-167.857	-167.857	-167.857
91	-167.857	-167.857	-167.857	-167.857
92	-167.857	-167.857	-167.857	-167.857
93	-167.857	-167.857	-167.857	-167.857
94	-167.857	-167.857	-167.857	-167.857
95	-167.857	-167.857	-167.857	-167.857
96	-167.857	-167.857	-167.857	-167.857
97	-167.857	-167.857	-167.857	-167.857
98	-167.857	-167.857	-167.857	-167.857
99	-167.857	-167.857	-167.857	-167.857
100	-167.857	-167.857	-167.857	-167.857
1	-165.404	-164.141	-163.677	-165.404
2	-165.404	-164.141	-164.544	-165.404
3	-166.176	-166.176	-164.586	-165.636
4	-166.176	-166.176	-164.966	-165.663
5	-166.176	-166.176	-164.966	-165.729
6	-166.176	-166.176	-165.03	-165.729
7	-166.176	-166.176	-165.604	-165.729
8	-166.218	-166.218	-165.604	-165.867
9	-167.118	-166.418	-167.118	-165.867
10	-167.118	-166.418	-167.118	-165.867
11	-167.118	-166.554	-167.118	-165.908
12	-167.118	-166.554	-167.118	-165.908
13	-167.118	-166.651	-167.118	-165.92
14	-167.118	-166.651	-167.118	-166.365
15	-167.118	-166.651	-167.118	-166.365
16	-167.118	-166.891	-167.118	-166.365
17	-167.127	-166.891	-167.127	-166.365
18	-167.127	-166.891	-167.127	-166.365
19	-167.127	-166.891	-167.127	-166.365
20	-167.127	-167.127	-167.127	-167.127
21	-167.127	-167.127	-167.127	-167.127
22	-167.127	-167.127	-167.127	-167.127
23	-167.127	-167.127	-167.127	-167.127
24	-167.127	-167.127	-167.127	-167.127
25	-167.127	-167.127	-167.127	-167.127
26	-167.127	-167.127	-167.127	-167.127
27	-167.182	-167.134	-167.127	-167.182
28	-167.182	-167.134	-167.127	-167.182
29	-167.182	-167.134	-167.127	-167.182
30	-167.182	-167.134	-167.168	-167.182
31	-167.182	-167.143	-167.168	-167.182
32	-167.182	-167.143	-167.168	-167.182
33	-167.182	-167.143	-167.168	-167.182
34	-167.182	-167.143	-167.168	-167.182
35	-167.182	-167.143	-167.168	-167.182
36	-167.182	-167.143	-167.168	-167.182
37	-167.182	-167.143	-167.178	-167.182
38	-167.182	-167.143	-167.178	-167.182
39	-167.182	-167.143	-167.178	-167.182
40	-167.182	-167.182	-167.182	-167.182
41	-167.189	-167.182	-167.189	-167.182
42	-167.189	-167.182	-167.189	-167.182
43	-167.189	-167.182	-167.189	-167.182
44	-167.189	-167.182	-167.189	-167.182
45	-167.189	-167.182	-167.189	-167.182
46	-167.189	-167.182	-167.189	-167.186
47	-167.193	-167.182	-167.193	-167.186
48	-167.193	-167.182	-167.193	-167.186
49	-167.193	-167.182	-167.193	-167.186
50	-167.193	-167.182	-167.193	-167.186
51	-167.193	-167.182	-167.193	-167.186
52	-167.193	-167.182	-167.193	-167.186
53	-167.193	-167.182	-167.193	-167.186
54	-167.193	-167.182	-167.193	-167.186
55	-167.198	-167.198	-167.193	-167.186
56	-167.198	-167.198	-167.193	-167.186
57	-167.198	-167.198	-167.193	-167.186
58	-167.198	-167.198	-167.193	-167.186
59	-167.198	-167.198	-167.193	-167.186
60	-167.198	-167.198	-167.198	-167.198
61	-167.198	-167.198	-167.198	-167.198
62	-167.198	-167.198	-167.198	-167.198
63	-167.198	-167.198	-167.198	-167.198
64	-167.198	-167.198	-167.198	-167.198
65	-167.198	-167.198	-167.198	-167.198
66	-167.198	-167.198	-167.198	-167.198
67	-167.198	-167.198	-167.198	-167.198
68	-167.198	-167.198	-167.198	-167.198
69	-167.198	-167.198	-167.198	-167.198
70	-167.198	-167.198	-167.198	-167.198
71	-167.198	-167.198	-167.198	-167.198
72	-167.198	-167.198	-167.198	-167.198
73	-167.198	-167.198	-167.198	-167.198
74	-167.198	-167.198	-167.198	-167.198
75	-167.198	-167.198	-167.198	-167.198
76	-167.198	-167.198	-167.198	-167.198
77	-167.198	-167.198	-167.198	-167.198
78	-167.198	-167.198	-167.198	-167.198
79	-167.198	-167.198	-167.198	-167.198
80	-167.198	-167.198	-167.198	-167.198
81	-167.201	-167.198	-167.201	-167.198
82	-167.201	-167.198	-167.201	-167.198
83	-167.201	-167.198	-167.201	-167.198
84	-167.201	-167.198	-167.201	-167.198
85	-167.201	-167.198	-167.201	-167.198
86	-167.201	-167.198	-167.201	-167.198
87	-167.201	-167.198	-167.201	-167.198
88	-167.201	-167.198	-167.201	-167.198
89	-167.201	-167.198	-167.201	-167.198
90	-167.201	-167.198	-167.201	-167.198
91	-167.201	-167.198	-167.201	-167.198
92	-167.201	-167.198	-167.201	-167.198
93	-167.201	-167.198	-167.201	-167.198
94	-167.201	-167.198	-167.201	-167.198
95	-167.201	-167.198	-167.201	-167.198
96	-167.201	-167.198	-167.201	-167.198
97	-167.201	-167.198	-167.201	-167.198
98	-167.201	-167.198	-167.201	-167.198
99	-167.201	-167.198	-167.201	-167.198
100	-167.201	-167.201	-167.201	-167.201
