1	-9722.73	-9721.17	-9722.73	-9722.63
2	-9732.11	-9721.17	-9732.11	-9725.3
3	-9733.67	-9725.7	-9733.67	-9725.3
4	-9738.26	-9725.7	-9733.67	-9738.26
5	-9738.26	-9729.87	-9733.67	-9738.26
6	-9745.82	-9740.2	-9733.67	-9745.82
7	-9745.82	-9740.2	-9733.67	-9745.82
8	-9752.3	-9742.65	-9743.39	-9752.3
9	-9752.79	-9745.09	-9745.88	-9752.79
10	-9752.79	-9745.09	-9747.21	-9752.79
11	-9752.79	-9745.09	-9747.21	-9752.79
12	-9752.79	-9745.09	-9747.81	-9752.79
13	-9756.57	-9745.09	-9747.81	-9756.57
14	-9757.26	-9745.09	-9747.81	-9757.26
15	-9764.33	-9745.24	-9747.81	-9764.33
16	-9764.33	-9746.77	-9747.81	-9764.33
17	-9765.58	-9746.77	-9747.81	-9765.58
18	-9765.58	-9746.77	-9747.81	-9765.58
19	-9767.65	-9746.77	-9747.81	-9767.65
20	-9767.65	-9767.65	-9767.65	-9767.65
21	-9772.09	-9772.09	-9767.65	-9767.65
22	-9772.09	-9772.09	-9767.65	-9767.65
23	-9772.09	-9772.09	-9767.65	-9767.65
24	-9772.09	-9772.09	-9768.51	-9767.65
25	-9772.09	-9772.09	-9771.3	-9767.65
26	-9772.09	-9772.09	-9771.3	-9769.18
27	-9772.09	-9772.09	-9771.3	-9769.18
28	-9772.7	-9772.7	-9771.3	-9769.22
29	-9775.67	-9772.7	-9775.67	-9769.22
30	-9779.15	-9772.7	-9779.15	-9769.22
31	-9779.15	-9772.7	-9779.15	-9769.22
32	-9779.15	-9772.7	-9779.15	-9770.79
33	-9779.15	-9773.68	-9779.15	-9771.24
34	-9779.15	-9773.68	-9779.15	-9771.96
35	-9779.39	-9773.68	-9779.39	-9771.96
36	-9779.39	-9773.68	-9779.39	-9771.96
37	-9779.39	-9773.68	-9779.39	-9771.96
38	-9779.39	-9773.68	-9779.39	-9771.97
39	-9779.39	-9773.68	-9779.39	-9771.97
40	-9779.39	-9779.39	-9779.39	-9779.39
41	-9779.6	-9779.6	-9779.39	-9779.39
42	-9779.6	-9779.6	-9779.39	-9779.39
43	-9779.6	-9779.6	-9779.39	-9779.39
44	-9780.1	-9780.08	-9780.1	-9779.39
45	-9780.1	-9780.08	-9780.1	-9779.39
46	-9780.1	-9780.08	-9780.1	-9779.39
47	-9780.1	-9780.08	-9780.1	-9779.39
48	-9780.1	-9780.08	-9780.1	-9779.39
49	-9780.24	-9780.24	-9780.1	-9779.39
50	-9780.24	-9780.24	-9780.1	-9779.39
51	-9780.24	-9780.24	-9780.1	-9779.39
52	-9780.24	-9780.24	-9780.1	-9779.39
53	-9780.24	-9780.24	-9780.1	-9779.39
54	-9780.24	-9780.24	-9780.1	-9779.39
55	-9780.24	-9780.24	-9780.1	-9779.39
56	-9780.43	-9780.24	-9780.43	-9779.39
57	-9780.43	-9780.24	-9780.43	-9779.39
58	-9780.43	-9780.24	-9780.43	-9779.44
59	-9780.43	-9780.24	-9780.43	-9779.44
60	-9780.43	-9780.43	-9780.43	-9780.43
61	-9780.43	-9780.43	-9780.43	-9780.43
62	-9780.43	-9780.43	-9780.43	-9780.43
63	-9780.43	-9780.43	-9780.43	-9780.43
64	-9780.43	-9780.43	-9780.43	-9780.43
65	-9780.43	-9780.43	-9780.43	-9780.43
66	-9780.43	-9780.43	-9780.43	-9780.43
67	-9780.43	-9780.43	-9780.43	-9780.43
68	-9780.85	-9780.85	-9780.43	-9780.43
69	-9780.85	-9780.85	-9780.43	-9780.43
70	-9780.85	-9780.85	-9780.43	-9780.43
71	-9780.85	-9780.85	-9780.43	-9780.43
72	-9781.07	-9780.85	-9781.07	-9780.43
73	-9781.07	-9780.85	-9781.07	-9780.43
74	-9781.07	-9780.85	-9781.07	-9780.43
75	-9781.07	-9780.85	-9781.07	-9780.43
76	-9781.07	-9780.85	-9781.07	-9780.43
77	-9781.07	-9780.85	-9781.07	-9780.43
78	-9781.07	-9780.85	-9781.07	-9780.43
79	-9781.07	-9780.85	-9781.07	-9780.43
80	-9781.07	-9781.07	-9781.07	-9781.07
81	-9781.07	-9781.07	-9781.07	-9781.07
82	-9781.07	-9781.07	-9781.07	-9781.07
83	-9781.07	-9781.07	-9781.07	-9781.07
84	-9781.07	-9781.07	-9781.07	-9781.07
85	-9781.07	-9781.07	-9781.07	-9781.07
86	-9781.07	-9781.07	-9781.07	-9781.07
87	-9781.07	-9781.07	-9781.07	-9781.07
88	-9781.07	-9781.07	-9781.07	-9781.07
89	-9781.07	-9781.07	-9781.07	-9781.07
90	-9781.2	-9781.2	-9781.07	-9781.07
91	-9781.2	-9781.2	-9781.07	-9781.07
92	-9781.2	-9781.2	-9781.2	-9781.07
93	-9781.2	-9781.2	-9781.2	-9781.07
94	-9781.33	-9781.2	-9781.33	-9781.07
95	-9781.33	-9781.2	-9781.33	-9781.07
96	-9781.33	-9781.2	-9781.33	-9781.07
97	-9781.33	-9781.2	-9781.33	-9781.07
98	-9781.33	-9781.2	-9781.33	-9781.07
99	-9781.33	-9781.2	-9781.33	-9781.07
100	-9781.33	-9781.33	-9781.33	-9781.33
1	-9722.41	-9719.22	-9713.88	-9722.41
2	-9740.39	-9722.57	-9740.39	-9722.53
3	-9740.39	-9723.54	-9740.39	-9732.31
4	-9747.58	-9727.7	-9747.58	-9737.42
5	-9747.58	-9729.6	-9747.58	-9737.42
6	-9747.58	-9735.23	-9747.58	-9737.42
7	-9750.36	-9735.23	-9750.36	-9741.42
8	-9750.36	-9735.23	-9750.36	-9741.42
9	-9750.36	-9739.08	-9750.36	-9741.42
10	-9750.36	-9739.08	-9750.36	-9741.42
11	-9750.36	-9739.08	-9750.36	-9741.42
12	-9750.36	-9747.03	-9750.36	-9743.56
13	-9750.36	-9747.03	-9750.36	-9743.56
14	-9750.36	-9747.03	-9750.36	-9743.69
15	-9756.03	-9747.03	-9756.03	-9745.16
16	-9756.03	-9747.03	-9756.03	-9745.16
17	-9756.03	-9747.03	-9756.03	-9745.16
18	-9761.7	-9761.7	-9756.03	-9747.28
19	-9761.7	-9761.7	-9758.19	-9747.28
20	-9766.07	-9766.07	-9766.07	-9766.07
21	-9774.18	-9766.07	-9774.18	-9766.07
22	-9774.19	-9768.6	-9774.19	-9766.07
23	-9774.19	-9768.75	-9774.19	-9766.07
24	-9774.19	-9768.75	-9774.19	-9766.07
25	-9774.19	-9771.8	-9774.19	-9766.07
26	-9774.19	-9771.8	-9774.19	-9766.07
27	-9777.12	-9773.42	-9777.12	-9766.07
28	-9777.12	-9773.42	-9777.12	-9766.07
29	-9778.03	-9773.42	-9778.03	-9766.07
30	-9778.03	-9773.42	-9778.03	-9766.17
31	-9778.03	-9773.42	-9778.03	-9766.17
32	-9778.03	-9773.42	-9778.03	-9766.17
33	-9778.03	-9773.42	-9778.03	-9766.17
34	-9778.45	-9773.42	-9778.45	-9766.17
35	-9778.45	-9773.42	-9778.45	-9766.17
36	-9778.45	-9773.42	-9778.45	-9767.47
37	-9778.45	-9773.42	-9778.45	-9767.47
38	-9778.45	-9773.97	-9778.45	-9767.47
39	-9778.45	-9773.97	-9778.45	-9767.47
40	-9778.45	-9778.45	-9778.45	-9778.45
41	-9779.36	-9779.36	-9778.89	-9778.45
42	-9779.36	-9779.36	-9778.89	-9779.16
43	-9779.42	-9779.42	-9778.89	-9779.16
44	-9779.42	-9779.42	-9778.89	-9779.16
45	-9779.42	-9779.42	-9778.89	-9779.16
46	-9779.42	-9779.42	-9778.89	-9779.16
47	-9779.42	-9779.42	-9778.89	-9779.16
48	-9779.61	-9779.61	-9778.89	-9779.16
49	-9779.61	-9779.61	-9779.18	-9779.16
50	-9779.61	-9779.61	-9779.18	-9779.16
51	-9779.93	-9779.93	-9779.18	-9779.16
52	-9779.93	-9779.93	-9779.18	-9779.16
53	-9779.93	-9779.93	-9779.18	-9779.16
54	-9779.93	-9779.93	-9779.18	-9779.16
55	-9779.93	-9779.93	-9779.18	-9779.16
56	-9779.93	-9779.93	-9779.34	-9779.91
57	-9780.29	-9779.93	-9779.34	-9780.29
58	-9780.29	-9779.93	-9779.34	-9780.29
59	-9780.29	-9779.93	-9779.34	-9780.29
60	-9780.29	-9780.29	-9780.29	-9780.29
61	-9780.29	-9780.29	-9780.29	-9780.29
62	-9780.29	-9780.29	-9780.29	-9780.29
63	-9780.29	-9780.29	-9780.29	-9780.29
64	-9780.29	-9780.29	-9780.29	-9780.29
65	-9780.29	-9780.29	-9780.29	-9780.29
66	-9780.29	-9780.29	-9780.29	-9780.29
67	-9780.29	-9780.29	-9780.29	-9780.29
68	-9780.29	-9780.29	-9780.29	-9780.29
69	-9780.29	-9780.29	-9780.29	-9780.29
70	-9780.47	-9780.29	-9780.47	-9780.29
71	-9780.47	-9780.29	-9780.47	-9780.29
72	-9780.47	-9780.31	-9780.47	-9780.29
73	-9780.47	-9780.31	-9780.47	-9780.29
74	-9780.47	-9780.31	-9780.47	-9780.29
75	-9780.47	-9780.31	-9780.47	-9780.29
76	-9780.47	-9780.31	-9780.47	-9780.29
77	-9780.47	-9780.31	-9780.47	-9780.29
78	-9780.47	-9780.31	-9780.47	-9780.29
79	-9780.47	-9780.31	-9780.47	-9780.29
80	-9780.47	-9780.47	-9780.47	-9780.47
81	-9780.51	-9780.47	-9780.51	-9780.47
82	-9780.51	-9780.47	-9780.51	-9780.47
83	-9780.51	-9780.47	-9780.51	-9780.47
84	-9780.51	-9780.47	-9780.51	-9780.47
85	-9781.07	-9780.47	-9781.07	-9780.47
86	-9781.07	-9780.47	-9781.07	-9780.47
87	-9781.07	-9780.47	-9781.07	-9780.47
88	-9781.07	-9780.47	-9781.07	-9780.47
89	-9781.07	-9780.47	-9781.07	-9780.47
90	-9781.07	-9780.47	-9781.07	-9780.47
91	-9781.07	-9780.47	-9781.07	-9780.47
92	-9781.07	-9780.47	-9781.07	-9780.47
93	-9781.19	-9780.47	-9781.19	-9780.47
94	-9781.19	-9780.47	-9781.19	-9780.47
95	-9781.19	-9780.47	-9781.19	-9780.47
96	-9781.19	-9780.47	-9781.19	-9780.47
97	-9781.33	-9780.47	-9781.33	-9780.47
98	-9781.33	-9780.47	-9781.33	-9780.47
99	-9781.33	-9780.47	-9781.33	-9780.47
100	-9781.33	-9781.33	-9781.33	-9781.33
1	-9733.12	-9733.12	-9718.4	-9717.71
2	-9738.28	-9738.28	-9718.4	-9717.71
3	-9747.8	-9747.8	-9725.85	-9721.75
4	-9747.8	-9747.8	-9735.94	-9736.53
5	-9747.8	-9747.8	-9738.5	-9737.18
6	-9747.8	-9747.8	-9738.5	-9737.18
7	-9747.8	-9747.8	-9738.5	-9737.18
8	-9747.8	-9747.8	-9738.5	-9740.67
9	-9747.8	-9747.8	-9739.1	-9740.67
10	-9747.8	-9747.8	-9743.64	-9740.67
11	-9748.75	-9747.8	-9748.75	-9740.67
12	-9748.75	-9747.8	-9748.75	-9740.67
13	-9748.75	-9747.8	-9748.75	-9740.67
14	-9752	-9747.8	-9752	-9740.67
15	-9752	-9747.8	-9752	-9743.15
16	-9752	-9747.8	-9752	-9743.15
17	-9752.38	-9747.8	-9752.38	-9743.15
18	-9752.38	-9747.8	-9752.38	-9743.15
19	-9752.38	-9747.8	-9752.38	-9743.15
20	-9752.5	-9752.5	-9752.5	-9752.5
21	-9775.09	-9752.5	-9775.09	-9752.5
22	-9775.09	-9752.5	-9775.09	-9752.5
23	-9777.5	-9752.5	-9777.5	-9752.5
24	-9777.5	-9752.5	-9777.5	-9752.5
25	-9777.5	-9753.48	-9777.5	-9752.5
26	-9777.5	-9753.48	-9777.5	-9752.5
27	-9777.5	-9753.48	-9777.5	-9752.5
28	-9777.5	-9753.79	-9777.5	-9752.5
29	-9777.5	-9753.79	-9777.5	-9752.5
30	-9777.5	-9753.79	-9777.5	-9752.5
31	-9777.68	-9753.79	-9777.68	-9752.5
32	-9777.68	-9753.79	-9777.68	-9752.5
33	-9777.68	-9753.79	-9777.68	-9752.5
34	-9777.68	-9756.28	-9777.68	-9752.5
35	-9777.68	-9756.28	-9777.68	-9752.5
36	-9778.11	-9756.28	-9778.11	-9752.5
37	-9778.11	-9756.28	-9778.11	-9752.5
38	-9778.11	-9756.28	-9778.11	-9752.5
39	-9778.11	-9756.28	-9778.11	-9752.5
40	-9779.9	-9779.9	-9779.9	-9779.9
41	-9780.39	-9780.39	-9779.9	-9779.9
42	-9780.39	-9780.39	-9779.9	-9779.9
43	-9780.66	-9780.39	-9779.9	-9780.66
44	-9780.66	-9780.39	-9780.3	-9780.66
45	-9780.66	-9780.39	-9780.3	-9780.66
46	-9780.66	-9780.39	-9780.3	-9780.66
47	-9780.66	-9780.39	-9780.3	-9780.66
48	-9780.66	-9780.39	-9780.3	-9780.66
49	-9780.66	-9780.39	-9780.3	-9780.66
50	-9780.66	-9780.39	-9780.52	-9780.66
51	-9780.66	-9780.39	-9780.52	-9780.66
52	-9780.66	-9780.39	-9780.52	-9780.66
53	-9780.66	-9780.39	-9780.52	-9780.66
54	-9780.66	-9780.39	-9780.52	-9780.66
55	-9780.66	-9780.39	-9780.52	-9780.66
56	-9781.33	-9780.39	-9780.52	-9781.33
57	-9781.33	-9780.39	-9780.52	-9781.33
58	-9781.33	-9780.39	-9780.52	-9781.33
59	-9781.33	-9780.39	-9780.52	-9781.33
60	-9781.33	-9781.33	-9781.33	-9781.33
61	-9781.33	-9781.33	-9781.33	-9781.33
62	-9781.33	-9781.33	-9781.33	-9781.33
63	-9781.33	-9781.33	-9781.33	-9781.33
64	-9781.33	-9781.33	-9781.33	-9781.33
65	-9781.33	-9781.33	-9781.33	-9781.33
66	-9781.33	-9781.33	-9781.33	-9781.33
67	-9781.33	-9781.33	-9781.33	-9781.33
68	-9781.33	-9781.33	-9781.33	-9781.33
69	-9781.33	-9781.33	-9781.33	-9781.33
70	-9781.33	-9781.33	-9781.33	-9781.33
71	-9781.33	-9781.33	-9781.33	-9781.33
72	-9781.33	-9781.33	-9781.33	-9781.33
73	-9781.33	-9781.33	-9781.33	-9781.33
74	-9781.33	-9781.33	-9781.33	-9781.33
75	-9781.33	-9781.33	-9781.33	-9781.33
76	-9781.33	-9781.33	-9781.33	-9781.33
77	-9781.33	-9781.33	-9781.33	-9781.33
78	-9781.33	-9781.33	-9781.33	-9781.33
79	-9781.33	-9781.33	-9781.33	-9781.33
80	-9781.33	-9781.33	-9781.33	-9781.33
81	-9781.33	-9781.33	-9781.33	-9781.33
82	-9781.33	-9781.33	-9781.33	-9781.33
83	-9781.33	-9781.33	-9781.33	-9781.33
84	-9781.33	-9781.33	-9781.33	-9781.33
85	-9781.33	-9781.33	-9781.33	-9781.33
86	-9781.33	-9781.33	-9781.33	-9781.33
87	-9781.33	-9781.33	-9781.33	-9781.33
88	-9781.33	-9781.33	-9781.33	-9781.33
89	-9781.33	-9781.33	-9781.33	-9781.33
90	-9781.33	-9781.33	-9781.33	-9781.33
91	-9781.33	-9781.33	-9781.33	-9781.33
92	-9781.33	-9781.33	-9781.33	-9781.33
93	-9781.33	-9781.33	-9781.33	-9781.33
94	-9781.33	-9781.33	-9781.33	-9781.33
95	-9781.33	-9781.33	-9781.33	-9781.33
96	-9781.33	-9781.33	-9781.33	-9781.33
97	-9781.33	-9781.33	-9781.33	-9781.33
98	-9781.33	-9781.33	-9781.33	-9781.33
99	-9781.33	-9781.33	-9781.33	-9781.33
100	-9781.33	-9781.33	-9781.33	-9781.33
