1	-9220.69	-9206.58	-9194.87	-9220.69
2	-9220.69	-9206.58	-9197.61	-9220.69
3	-9220.69	-9212.37	-9201.41	-9220.69
4	-9220.69	-9218.21	-9218.64	-9220.69
5	-9233.28	-9233.28	-9228.09	-9223.93
6	-9233.28	-9233.28	-9228.09	-9225.28
7	-9233.28	-9233.28	-9232.5	-9225.28
8	-9233.28	-9233.28	-9232.5	-9225.28
9	-9233.28	-9233.28	-9232.5	-9225.28
10	-9233.28	-9233.28	-9232.5	-9225.28
11	-9233.28	-9233.28	-9232.5	-9226.33
12	-9233.28	-9233.28	-9232.5	-9226.33
13	-9233.28	-9233.28	-9232.5	-9226.33
14	-9240.67	-9240.67	-9232.5	-9226.33
15	-9240.67	-9240.67	-9232.5	-9226.33
16	-9248.11	-9248.11	-9232.5	-9227.92
17	-9248.11	-9248.11	-9232.5	-9227.92
18	-9248.43	-9248.43	-9232.5	-9227.92
19	-9248.43	-9248.43	-9232.5	-9227.92
20	-9248.43	-9248.43	-9248.43	-9248.43
21	-9248.43	-9248.43	-9248.43	-9248.43
22	-9254.58	-9254.58	-9248.43	-9249.8
23	-9254.58	-9254.58	-9248.92	-9250.03
24	-9254.58	-9254.58	-9249.1	-9250.03
25	-9254.58	-9254.58	-9249.4	-9250.03
26	-9256.14	-9256.14	-9249.4	-9250.03
27	-9256.89	-9256.14	-9256.89	-9250.03
28	-9256.89	-9256.14	-9256.89	-9250.03
29	-9256.89	-9256.14	-9256.89	-9250.03
30	-9256.89	-9256.14	-9256.89	-9250.03
31	-9256.89	-9256.14	-9256.89	-9250.03
32	-9264.06	-9257.57	-9264.06	-9250.03
33	-9264.06	-9257.57	-9264.06	-9250.03
34	-9264.06	-9257.57	-9264.06	-9250.03
35	-9264.06	-9257.57	-9264.06	-9250.03
36	-9264.06	-9257.57	-9264.06	-9250.25
37	-9264.06	-9257.57	-9264.06	-9250.25
38	-9264.06	-9257.57	-9264.06	-9250.25
39	-9264.06	-9257.57	-9264.06	-9250.25
40	-9264.06	-9264.06	-9264.06	-9264.06
41	-9264.06	-9264.06	-9264.06	-9264.06
42	-9264.06	-9264.06	-9264.06	-9264.06
43	-9264.06	-9264.06	-9264.06	-9264.06
44	-9264.06	-9264.06	-9264.06	-9264.06
45	-9264.06	-9264.06	-9264.06	-9264.06
46	-9264.06	-9264.06	-9264.06	-9264.06
47	-9264.06	-9264.06	-9264.06	-9264.06
48	-9264.06	-9264.06	-9264.06	-9264.06
49	-9264.06	-9264.06	-9264.06	-9264.06
50	-9264.06	-9264.06	-9264.06	-9264.06
51	-9264.06	-9264.06	-9264.06	-9264.06
52	-9264.06	-9264.06	-9264.06	-9264.06
53	-9264.06	-9264.06	-9264.06	-9264.06
54	-9264.06	-9264.06	-9264.06	-9264.06
55	-9264.06	-9264.06	-9264.06	-9264.06
56	-9264.06	-9264.06	-9264.06	-9264.06
57	-9264.06	-9264.06	-9264.06	-9264.06
58	-9264.06	-9264.06	-9264.06	-9264.06
59	-9264.06	-9264.06	-9264.06	-9264.06
60	-9264.73	-9264.73	-9264.73	-9264.73
61	-9272.69	-9264.73	-9264.73	-9272.69
62	-9272.69	-9272.69	-9264.73	-9272.69
63	-9272.69	-9272.69	-9264.73	-9272.69
64	-9272.69	-9272.69	-9264.73	-9272.69
65	-9272.69	-9272.69	-9264.73	-9272.69
66	-9272.69	-9272.69	-9264.73	-9272.69
67	-9272.69	-9272.69	-9264.73	-9272.69
68	-9272.69	-9272.69	-9264.73	-9272.69
69	-9272.69	-9272.69	-9264.73	-9272.69
70	-9272.69	-9272.69	-9264.73	-9272.69
71	-9272.69	-9272.69	-9264.73	-9272.69
72	-9272.69	-9272.69	-9264.73	-9272.69
73	-9272.69	-9272.69	-9264.73	-9272.69
74	-9272.69	-9272.69	-9264.73	-9272.69
75	-9272.69	-9272.69	-9264.73	-9272.69
76	-9272.69	-9272.69	-9264.73	-9272.69
77	-9272.69	-9272.69	-9264.73	-9272.69
78	-9272.69	-9272.69	-9264.73	-9272.69
79	-9272.69	-9272.69	-9264.73	-9272.69
80	-9272.69	-9272.69	-9272.69	-9272.69
81	-9272.69	-9272.69	-9272.69	-9272.69
82	-9272.69	-9272.69	-9272.69	-9272.69
83	-9272.69	-9272.69	-9272.69	-9272.69
84	-9272.69	-9272.69	-9272.69	-9272.69
85	-9272.69	-9272.69	-9272.69	-9272.69
86	-9272.69	-9272.69	-9272.69	-9272.69
87	-9272.69	-9272.69	-9272.69	-9272.69
88	-9272.69	-9272.69	-9272.69	-9272.69
89	-9272.69	-9272.69	-9272.69	-9272.69
90	-9272.69	-9272.69	-9272.69	-9272.69
91	-9272.69	-9272.69	-9272.69	-9272.69
92	-9272.69	-9272.69	-9272.69	-9272.69
93	-9272.69	-9272.69	-9272.69	-9272.69
94	-9272.69	-9272.69	-9272.69	-9272.69
95	-9272.69	-9272.69	-9272.69	-9272.69
96	-9272.69	-9272.69	-9272.69	-9272.69
97	-9272.69	-9272.69	-9272.69	-9272.69
98	-9272.69	-9272.69	-9272.69	-9272.69
99	-9272.69	-9272.69	-9272.69	-9272.69
100	-9272.69	-9272.69	-9272.69	-9272.69
1	-9205.81	-9200.83	-9202.44	-9205.81
2	-9236.15	-9236.15	-9214.75	-9205.81
3	-9236.15	-9236.15	-9214.75	-9205.81
4	-9236.15	-9236.15	-9214.75	-9205.81
5	-9236.15	-9236.15	-9214.75	-9218.16
6	-9248.44	-9248.44	-9214.75	-9218.16
7	-9248.44	-9248.44	-9224.66	-9220.47
8	-9248.44	-9248.44	-9224.66	-9220.47
9	-9248.44	-9248.44	-9224.66	-9226.52
10	-9248.44	-9248.44	-9224.66	-9237.41
11	-9248.44	-9248.44	-9224.66	-9237.41
12	-9248.44	-9248.44	-9225.24	-9237.41
13	-9249.34	-9249.34	-9225.24	-9237.41
14	-9249.34	-9249.34	-9225.24	-9237.41
15	-9249.34	-9249.34	-9227.29	-9237.41
16	-9249.34	-9249.34	-9227.29	-9237.41
17	-9249.34	-9249.34	-9227.29	-9237.41
18	-9249.34	-9249.34	-9227.29	-9237.41
19	-9257.57	-9249.34	-9257.57	-9237.41
20	-9263.27	-9263.27	-9263.27	-9263.27
21	-9263.27	-9263.27	-9263.27	-9263.27
22	-9263.27	-9263.27	-9263.27	-9263.27
23	-9265.21	-9263.27	-9265.21	-9263.27
24	-9265.21	-9263.27	-9265.21	-9263.27
25	-9265.21	-9263.27	-9265.21	-9263.27
26	-9265.21	-9263.27	-9265.21	-9263.27
27	-9265.21	-9263.27	-9265.21	-9263.27
28	-9265.21	-9263.27	-9265.21	-9263.95
29	-9265.21	-9263.27	-9265.21	-9263.95
30	-9265.21	-9263.27	-9265.21	-9263.95
31	-9265.32	-9263.27	-9265.32	-9263.95
32	-9265.32	-9263.27	-9265.32	-9263.95
33	-9265.32	-9263.27	-9265.32	-9263.95
34	-9265.32	-9263.27	-9265.32	-9263.95
35	-9265.32	-9263.27	-9265.32	-9263.95
36	-9271.34	-9271.34	-9265.32	-9263.95
37	-9271.34	-9271.34	-9265.46	-9263.95
38	-9271.34	-9271.34	-9265.46	-9263.95
39	-9272.69	-9272.69	-9265.46	-9263.95
40	-9272.69	-9272.69	-9272.69	-9272.69
41	-9272.69	-9272.69	-9272.69	-9272.69
42	-9272.69	-9272.69	-9272.69	-9272.69
43	-9272.69	-9272.69	-9272.69	-9272.69
44	-9272.69	-9272.69	-9272.69	-9272.69
45	-9272.69	-9272.69	-9272.69	-9272.69
46	-9272.69	-9272.69	-9272.69	-9272.69
47	-9272.69	-9272.69	-9272.69	-9272.69
48	-9272.69	-9272.69	-9272.69	-9272.69
49	-9272.69	-9272.69	-9272.69	-9272.69
50	-9272.69	-9272.69	-9272.69	-9272.69
51	-9272.69	-9272.69	-9272.69	-9272.69
52	-9272.69	-9272.69	-9272.69	-9272.69
53	-9272.69	-9272.69	-9272.69	-9272.69
54	-9272.69	-9272.69	-9272.69	-9272.69
55	-9272.69	-9272.69	-9272.69	-9272.69
56	-9272.69	-9272.69	-9272.69	-9272.69
57	-9272.69	-9272.69	-9272.69	-9272.69
58	-9272.69	-9272.69	-9272.69	-9272.69
59	-9272.69	-9272.69	-9272.69	-9272.69
60	-9280.76	-9280.76	-9280.76	-9280.76
61	-9280.76	-9280.76	-9280.76	-9280.76
62	-9280.76	-9280.76	-9280.76	-9280.76
63	-9280.76	-9280.76	-9280.76	-9280.76
64	-9280.76	-9280.76	-9280.76	-9280.76
65	-9280.76	-9280.76	-9280.76	-9280.76
66	-9280.76	-9280.76	-9280.76	-9280.76
67	-9280.76	-9280.76	-9280.76	-9280.76
68	-9280.76	-9280.76	-9280.76	-9280.76
69	-9280.76	-9280.76	-9280.76	-9280.76
70	-9280.76	-9280.76	-9280.76	-9280.76
71	-9280.76	-9280.76	-9280.76	-9280.76
72	-9280.76	-9280.76	-9280.76	-9280.76
73	-9280.76	-9280.76	-9280.76	-9280.76
74	-9280.76	-9280.76	-9280.76	-9280.76
75	-9280.76	-9280.76	-9280.76	-9280.76
76	-9280.76	-9280.76	-9280.76	-9280.76
77	-9280.76	-9280.76	-9280.76	-9280.76
78	-9280.76	-9280.76	-9280.76	-9280.76
79	-9280.76	-9280.76	-9280.76	-9280.76
80	-9280.76	-9280.76	-9280.76	-9280.76
81	-9280.76	-9280.76	-9280.76	-9280.76
82	-9280.76	-9280.76	-9280.76	-9280.76
83	-9280.76	-9280.76	-9280.76	-9280.76
84	-9280.76	-9280.76	-9280.76	-9280.76
85	-9280.76	-9280.76	-9280.76	-9280.76
86	-9280.76	-9280.76	-9280.76	-9280.76
87	-9280.76	-9280.76	-9280.76	-9280.76
88	-9280.76	-9280.76	-9280.76	-9280.76
89	-9280.76	-9280.76	-9280.76	-9280.76
90	-9280.76	-9280.76	-9280.76	-9280.76
91	-9280.76	-9280.76	-9280.76	-9280.76
92	-9280.76	-9280.76	-9280.76	-9280.76
93	-9280.76	-9280.76	-9280.76	-9280.76
94	-9280.76	-9280.76	-9280.76	-9280.76
95	-9280.76	-9280.76	-9280.76	-9280.76
96	-9280.76	-9280.76	-9280.76	-9280.76
97	-9280.76	-9280.76	-9280.76	-9280.76
98	-9280.76	-9280.76	-9280.76	-9280.76
99	-9280.76	-9280.76	-9280.76	-9280.76
100	-9280.76	-9280.76	-9280.76	-9280.76
1	-9213.97	-9213.97	-9200.19	-9199.04
2	-9213.97	-9213.97	-9203.69	-9209.73
3	-9218.8	-9213.97	-9218.8	-9212.69
4	-9222.66	-9222.66	-9218.8	-9212.69
5	-9224.09	-9224.09	-9218.8	-9212.83
6	-9224.09	-9224.09	-9222.18	-9212.83
7	-9224.31	-9224.31	-9222.18	-9213.43
8	-9224.31	-9224.31	-9222.18	-9213.43
9	-9224.31	-9224.31	-9222.18	-9213.43
10	-9224.31	-9224.31	-9222.18	-9213.43
11	-9227.28	-9227.28	-9222.18	-9213.43
12	-9236.89	-9227.28	-9222.18	-9236.89
13	-9236.89	-9227.51	-9222.18	-9236.89
14	-9236.89	-9227.51	-9224.2	-9236.89
15	-9252.22	-9252.22	-9224.2	-9236.89
16	-9252.22	-9252.22	-9241.61	-9239.97
17	-9252.22	-9252.22	-9241.61	-9239.97
18	-9252.22	-9252.22	-9243.51	-9239.97
19	-9252.22	-9252.22	-9243.51	-9239.97
20	-9252.22	-9252.22	-9252.22	-9252.22
21	-9262.64	-9262.64	-9252.22	-9252.22
22	-9262.64	-9262.64	-9252.22	-9252.22
23	-9262.64	-9262.64	-9252.22	-9255.93
24	-9262.64	-9262.64	-9255.91	-9255.93
25	-9262.64	-9262.64	-9255.91	-9255.93
26	-9262.64	-9262.64	-9255.91	-9255.93
27	-9262.64	-9262.64	-9255.91	-9256.72
28	-9262.64	-9262.64	-9255.91	-9256.72
29	-9262.64	-9262.64	-9257.11	-9256.72
30	-9262.64	-9262.64	-9257.11	-9256.79
31	-9262.64	-9262.64	-9257.11	-9256.79
32	-9262.64	-9262.64	-9257.11	-9256.79
33	-9262.64	-9262.64	-9257.52	-9256.79
34	-9262.64	-9262.64	-9257.52	-9256.79
35	-9262.64	-9262.64	-9257.52	-9256.79
36	-9262.64	-9262.64	-9257.52	-9256.79
37	-9262.64	-9262.64	-9257.52	-9256.79
38	-9262.64	-9262.64	-9257.52	-9256.79
39	-9262.64	-9262.64	-9257.52	-9256.79
40	-9262.64	-9262.64	-9262.64	-9262.64
41	-9265.46	-9262.64	-9265.46	-9262.64
42	-9265.46	-9262.64	-9265.46	-9265.21
43	-9265.46	-9262.64	-9265.46	-9265.21
44	-9265.46	-9262.64	-9265.46	-9265.21
45	-9265.46	-9262.64	-9265.46	-9265.21
46	-9265.46	-9262.64	-9265.46	-9265.21
47	-9265.46	-9263.24	-9265.46	-9265.21
48	-9265.46	-9263.24	-9265.46	-9265.21
49	-9265.46	-9263.24	-9265.46	-9265.21
50	-9265.46	-9263.24	-9265.46	-9265.21
51	-9265.46	-9263.24	-9265.46	-9265.21
52	-9265.46	-9263.24	-9265.46	-9265.21
53	-9265.46	-9263.24	-9265.46	-9265.21
54	-9265.46	-9264.52	-9265.46	-9265.21
55	-9265.46	-9264.52	-9265.46	-9265.21
56	-9265.46	-9264.52	-9265.46	-9265.21
57	-9265.46	-9264.52	-9265.46	-9265.21
58	-9271.59	-9264.52	-9271.59	-9265.21
59	-9271.59	-9264.52	-9271.59	-9265.21
60	-9271.59	-9271.59	-9271.59	-9271.59
61	-9271.59	-9271.59	-9271.59	-9271.59
62	-9271.59	-9271.59	-9271.59	-9271.59
63	-9272.69	-9272.69	-9271.59	-9271.59
64	-9272.69	-9272.69	-9271.59	-9271.59
65	-9272.69	-9272.69	-9271.59	-9271.59
66	-9272.69	-9272.69	-9271.59	-9271.59
67	-9272.69	-9272.69	-9271.59	-9271.59
68	-9272.69	-9272.69	-9271.59	-9271.59
69	-9272.69	-9272.69	-9271.59	-9271.59
70	-9272.69	-9272.69	-9271.59	-9271.59
71	-9272.69	-9272.69	-9271.59	-9271.59
72	-9272.69	-9272.69	-9271.59	-9271.59
73	-9272.69	-9272.69	-9271.59	-9271.59
74	-9272.69	-9272.69	-9271.59	-9271.59
75	-9272.69	-9272.69	-9271.59	-9271.59
76	-9272.69	-9272.69	-9271.59	-9271.59
77	-9272.69	-9272.69	-9271.59	-9271.59
78	-9272.69	-9272.69	-9271.59	-9271.59
79	-9272.69	-9272.69	-9271.59	-9271.59
80	-9272.69	-9272.69	-9272.69	-9272.69
81	-9272.69	-9272.69	-9272.69	-9272.69
82	-9272.69	-9272.69	-9272.69	-9272.69
83	-9272.69	-9272.69	-9272.69	-9272.69
84	-9272.69	-9272.69	-9272.69	-9272.69
85	-9272.69	-9272.69	-9272.69	-9272.69
86	-9272.69	-9272.69	-9272.69	-9272.69
87	-9272.69	-9272.69	-9272.69	-9272.69
88	-9272.69	-9272.69	-9272.69	-9272.69
89	-9272.69	-9272.69	-9272.69	-9272.69
90	-9272.69	-9272.69	-9272.69	-9272.69
91	-9272.69	-9272.69	-9272.69	-9272.69
92	-9272.69	-9272.69	-9272.69	-9272.69
93	-9272.69	-9272.69	-9272.69	-9272.69
94	-9272.69	-9272.69	-9272.69	-9272.69
95	-9272.69	-9272.69	-9272.69	-9272.69
96	-9272.69	-9272.69	-9272.69	-9272.69
97	-9272.69	-9272.69	-9272.69	-9272.69
98	-9272.69	-9272.69	-9272.69	-9272.69
99	-9280.76	-9272.69	-9280.76	-9272.69
100	-9280.76	-9280.76	-9280.76	-9280.76
