1	-5499.16	-5499.16	-5497.81	-5493.76
2	-5500.9	-5499.16	-5500.9	-5494.06
3	-5501.42	-5499.16	-5500.9	-5501.42
4	-5502.79	-5499.16	-5500.9	-5502.79
5	-5502.79	-5499.19	-5500.9	-5502.79
6	-5506.96	-5499.19	-5502.26	-5506.96
7	-5506.96	-5499.19	-5502.26	-5506.96
8	-5506.96	-5499.19	-5502.26	-5506.96
9	-5506.96	-5499.19	-5502.26	-5506.96
10	-5506.96	-5500.14	-5502.71	-5506.96
11	-5506.96	-5500.41	-5505.96	-5506.96
12	-5506.96	-5500.88	-5506.27	-5506.96
13	-5506.96	-5502.06	-5506.27	-5506.96
14	-5506.96	-5503.96	-5506.27	-5506.96
15	-5507.86	-5507.86	-5506.27	-5506.96
16	-5507.86	-5507.86	-5506.27	-5506.96
17	-5507.86	-5507.86	-5506.27	-5506.96
18	-5507.86	-5507.86	-5506.27	-5506.96
19	-5508.66	-5507.86	-5508.66	-5506.96
20	-5508.66	-5508.66	-5508.66	-5508.66
21	-5508.66	-5508.66	-5508.66	-5508.66
22	-5509.11	-5509.11	-5508.66	-5508.66
23	-5509.11	-5509.11	-5508.66	-5508.66
24	-5509.33	-5509.11	-5509.33	-5508.66
25	-5509.33	-5509.11	-5509.33	-5508.66
26	-5509.33	-5509.11	-5509.33	-5508.66
27	-5509.33	-5509.11	-5509.33	-5508.66
28	-5509.33	-5509.11	-5509.33	-5508.66
29	-5509.33	-5509.11	-5509.33	-5508.66
30	-5509.33	-5509.11	-5509.33	-5508.66
31	-5509.33	-5509.11	-5509.33	-5508.66
32	-5509.33	-5509.11	-5509.33	-5508.66
33	-5509.33	-5509.33	-5509.33	-5508.66
34	-5509.33	-5509.33	-5509.33	-5508.66
35	-5509.33	-5509.33	-5509.33	-5508.66
36	-5509.69	-5509.33	-5509.33	-5509.69
37	-5509.69	-5509.33	-5509.33	-5509.69
38	-5509.69	-5509.33	-5509.33	-5509.69
39	-5509.69	-5509.33	-5509.33	-5509.69
40	-5509.69	-5509.69	-5509.69	-5509.69
41	-5509.69	-5509.69	-5509.69	-5509.69
42	-5509.69	-5509.69	-5509.69	-5509.69
43	-5509.69	-5509.69	-5509.69	-5509.69
44	-5509.69	-5509.69	-5509.69	-5509.69
45	-5509.69	-5509.69	-5509.69	-5509.69
46	-5509.69	-5509.69	-5509.69	-5509.69
47	-5509.69	-5509.69	-5509.69	-5509.69
48	-5509.69	-5509.69	-5509.69	-5509.69
49	-5509.69	-5509.69	-5509.69	-5509.69
50	-5509.69	-5509.69	-5509.69	-5509.69
51	-5509.69	-5509.69	-5509.69	-5509.69
52	-5509.69	-5509.69	-5509.69	-5509.69
53	-5509.69	-5509.69	-5509.69	-5509.69
54	-5509.69	-5509.69	-5509.69	-5509.69
55	-5509.69	-5509.69	-5509.69	-5509.69
56	-5509.69	-5509.69	-5509.69	-5509.69
57	-5509.69	-5509.69	-5509.69	-5509.69
58	-5509.69	-5509.69	-5509.69	-5509.69
59	-5509.69	-5509.69	-5509.69	-5509.69
60	-5509.69	-5509.69	-5509.69	-5509.69
61	-5509.69	-5509.69	-5509.69	-5509.69
62	-5509.69	-5509.69	-5509.69	-5509.69
63	-5509.69	-5509.69	-5509.69	-5509.69
64	-5509.69	-5509.69	-5509.69	-5509.69
65	-5509.69	-5509.69	-5509.69	-5509.69
66	-5509.69	-5509.69	-5509.69	-5509.69
67	-5509.69	-5509.69	-5509.69	-5509.69
68	-5509.69	-5509.69	-5509.69	-5509.69
69	-5509.69	-5509.69	-5509.69	-5509.69
70	-5509.69	-5509.69	-5509.69	-5509.69
71	-5509.69	-5509.69	-5509.69	-5509.69
72	-5509.69	-5509.69	-5509.69	-5509.69
73	-5509.69	-5509.69	-5509.69	-5509.69
74	-5509.69	-5509.69	-5509.69	-5509.69
75	-5509.69	-5509.69	-5509.69	-5509.69
76	-5509.69	-5509.69	-5509.69	-5509.69
77	-5509.69	-5509.69	-5509.69	-5509.69
78	-5509.69	-5509.69	-5509.69	-5509.69
79	-5509.69	-5509.69	-5509.69	-5509.69
80	-5509.69	-5509.69	-5509.69	-5509.69
81	-5509.69	-5509.69	-5509.69	-5509.69
82	-5509.69	-5509.69	-5509.69	-5509.69
83	-5509.69	-5509.69	-5509.69	-5509.69
84	-5509.69	-5509.69	-5509.69	-5509.69
85	-5509.69	-5509.69	-5509.69	-5509.69
86	-5509.69	-5509.69	-5509.69	-5509.69
87	-5509.69	-5509.69	-5509.69	-5509.69
88	-5509.69	-5509.69	-5509.69	-5509.69
89	-5509.69	-5509.69	-5509.69	-5509.69
90	-5509.69	-5509.69	-5509.69	-5509.69
91	-5509.69	-5509.69	-5509.69	-5509.69
92	-5509.69	-5509.69	-5509.69	-5509.69
93	-5509.69	-5509.69	-5509.69	-5509.69
94	-5509.69	-5509.69	-5509.69	-5509.69
95	-5509.69	-5509.69	-5509.69	-5509.69
96	-5509.69	-5509.69	-5509.69	-5509.69
97	-5509.69	-5509.69	-5509.69	-5509.69
98	-5509.69	-5509.69	-5509.69	-5509.69
99	-5509.69	-5509.69	-5509.69	-5509.69
100	-5509.69	-5509.69	-5509.69	-5509.69
1	-5503.75	-5492.12	-5500.96	-5503.75
2	-5503.75	-5493.53	-5503.64	-5503.75
3	-5503.75	-5495.8	-5503.64	-5503.75
4	-5503.75	-5497.07	-5503.64	-5503.75
5	-5503.75	-5498.35	-5503.64	-5503.75
6	-5503.75	-5498.35	-5503.64	-5503.75
7	-5503.75	-5503.33	-5503.64	-5503.75
8	-5505.96	-5503.33	-5505.96	-5504.9
9	-5505.96	-5503.33	-5505.96	-5504.9
10	-5505.96	-5504.58	-5505.96	-5504.9
11	-5506.67	-5504.58	-5506.67	-5504.9
12	-5506.67	-5506.07	-5506.67	-5504.9
13	-5506.82	-5506.82	-5506.67	-5504.9
14	-5507.1	-5506.82	-5507.1	-5504.9
15	-5507.1	-5506.82	-5507.1	-5504.9
16	-5507.1	-5506.82	-5507.1	-5504.9
17	-5507.28	-5507.28	-5507.1	-5504.9
18	-5507.28	-5507.28	-5507.1	-5504.9
19	-5507.28	-5507.28	-5507.1	-5504.9
20	-5508.66	-5508.66	-5508.66	-5508.66
21	-5508.66	-5508.66	-5508.66	-5508.66
22	-5508.66	-5508.66	-5508.66	-5508.66
23	-5508.66	-5508.66	-5508.66	-5508.66
24	-5508.66	-5508.66	-5508.66	-5508.66
25	-5508.66	-5508.66	-5508.66	-5508.66
26	-5508.66	-5508.66	-5508.66	-5508.66
27	-5508.66	-5508.66	-5508.66	-5508.66
28	-5509.33	-5508.66	-5509.33	-5508.66
29	-5509.33	-5508.66	-5509.33	-5508.66
30	-5509.33	-5508.66	-5509.33	-5508.66
31	-5509.33	-5508.66	-5509.33	-5508.66
32	-5509.33	-5508.66	-5509.33	-5508.66
33	-5509.33	-5508.66	-5509.33	-5508.66
34	-5509.33	-5508.66	-5509.33	-5508.66
35	-5509.33	-5509.11	-5509.33	-5508.66
36	-5509.33	-5509.11	-5509.33	-5508.66
37	-5509.33	-5509.11	-5509.33	-5508.66
38	-5509.33	-5509.11	-5509.33	-5508.66
39	-5509.33	-5509.26	-5509.33	-5508.66
40	-5509.33	-5509.33	-5509.33	-5509.33
41	-5509.33	-5509.33	-5509.33	-5509.33
42	-5509.33	-5509.33	-5509.33	-5509.33
43	-5509.33	-5509.33	-5509.33	-5509.33
44	-5509.33	-5509.33	-5509.33	-5509.33
45	-5509.33	-5509.33	-5509.33	-5509.33
46	-5509.69	-5509.33	-5509.33	-5509.69
47	-5509.69	-5509.33	-5509.33	-5509.69
48	-5509.69	-5509.33	-5509.33	-5509.69
49	-5509.69	-5509.33	-5509.33	-5509.69
50	-5509.69	-5509.33	-5509.33	-5509.69
51	-5509.69	-5509.33	-5509.33	-5509.69
52	-5509.69	-5509.33	-5509.33	-5509.69
53	-5509.69	-5509.33	-5509.33	-5509.69
54	-5509.69	-5509.33	-5509.33	-5509.69
55	-5509.69	-5509.33	-5509.33	-5509.69
56	-5509.69	-5509.33	-5509.33	-5509.69
57	-5509.69	-5509.33	-5509.33	-5509.69
58	-5509.69	-5509.33	-5509.33	-5509.69
59	-5509.69	-5509.33	-5509.33	-5509.69
60	-5509.69	-5509.69	-5509.69	-5509.69
61	-5509.69	-5509.69	-5509.69	-5509.69
62	-5509.69	-5509.69	-5509.69	-5509.69
63	-5509.69	-5509.69	-5509.69	-5509.69
64	-5509.69	-5509.69	-5509.69	-5509.69
65	-5509.69	-5509.69	-5509.69	-5509.69
66	-5509.69	-5509.69	-5509.69	-5509.69
67	-5509.69	-5509.69	-5509.69	-5509.69
68	-5509.69	-5509.69	-5509.69	-5509.69
69	-5509.69	-5509.69	-5509.69	-5509.69
70	-5509.69	-5509.69	-5509.69	-5509.69
71	-5509.69	-5509.69	-5509.69	-5509.69
72	-5509.69	-5509.69	-5509.69	-5509.69
73	-5509.69	-5509.69	-5509.69	-5509.69
74	-5509.69	-5509.69	-5509.69	-5509.69
75	-5509.69	-5509.69	-5509.69	-5509.69
76	-5509.69	-5509.69	-5509.69	-5509.69
77	-5509.69	-5509.69	-5509.69	-5509.69
78	-5509.69	-5509.69	-5509.69	-5509.69
79	-5509.69	-5509.69	-5509.69	-5509.69
80	-5509.69	-5509.69	-5509.69	-5509.69
81	-5509.69	-5509.69	-5509.69	-5509.69
82	-5509.69	-5509.69	-5509.69	-5509.69
83	-5509.69	-5509.69	-5509.69	-5509.69
84	-5509.69	-5509.69	-5509.69	-5509.69
85	-5509.69	-5509.69	-5509.69	-5509.69
86	-5509.69	-5509.69	-5509.69	-5509.69
87	-5509.69	-5509.69	-5509.69	-5509.69
88	-5509.69	-5509.69	-5509.69	-5509.69
89	-5509.69	-5509.69	-5509.69	-5509.69
90	-5509.69	-5509.69	-5509.69	-5509.69
91	-5509.69	-5509.69	-5509.69	-5509.69
92	-5509.69	-5509.69	-5509.69	-5509.69
93	-5509.69	-5509.69	-5509.69	-5509.69
94	-5509.69	-5509.69	-5509.69	-5509.69
95	-5509.69	-5509.69	-5509.69	-5509.69
96	-5509.69	-5509.69	-5509.69	-5509.69
97	-5509.69	-5509.69	-5509.69	-5509.69
98	-5509.69	-5509.69	-5509.69	-5509.69
99	-5509.69	-5509.69	-5509.69	-5509.69
100	-5509.69	-5509.69	-5509.69	-5509.69
1	-5498.06	-5493.46	-5497.67	-5498.06
2	-5501.2	-5496.78	-5501.2	-5498.06
3	-5505.88	-5505.88	-5501.34	-5498.06
4	-5505.88	-5505.88	-5502.67	-5501.47
5	-5505.88	-5505.88	-5502.67	-5501.47
6	-5505.88	-5505.88	-5502.67	-5501.82
7	-5505.88	-5505.88	-5503.05	-5501.82
8	-5505.88	-5505.88	-5503.05	-5504.27
9	-5505.88	-5505.88	-5503.05	-5504.27
10	-5506.59	-5506.59	-5503.05	-5504.27
11	-5506.59	-5506.59	-5505.17	-5504.27
12	-5509.69	-5509.69	-5506.78	-5509.69
13	-5509.69	-5509.69	-5506.78	-5509.69
14	-5509.69	-5509.69	-5506.78	-5509.69
15	-5509.69	-5509.69	-5507.02	-5509.69
16	-5509.69	-5509.69	-5507.02	-5509.69
17	-5509.69	-5509.69	-5507.23	-5509.69
18	-5509.69	-5509.69	-5507.23	-5509.69
19	-5509.69	-5509.69	-5507.23	-5509.69
20	-5509.69	-5509.69	-5509.69	-5509.69
21	-5509.69	-5509.69	-5509.69	-5509.69
22	-5509.69	-5509.69	-5509.69	-5509.69
23	-5509.69	-5509.69	-5509.69	-5509.69
24	-5509.69	-5509.69	-5509.69	-5509.69
25	-5509.69	-5509.69	-5509.69	-5509.69
26	-5509.69	-5509.69	-5509.69	-5509.69
27	-5509.69	-5509.69	-5509.69	-5509.69
28	-5509.69	-5509.69	-5509.69	-5509.69
29	-5509.69	-5509.69	-5509.69	-5509.69
30	-5509.69	-5509.69	-5509.69	-5509.69
31	-5509.69	-5509.69	-5509.69	-5509.69
32	-5509.69	-5509.69	-5509.69	-5509.69
33	-5509.69	-5509.69	-5509.69	-5509.69
34	-5509.69	-5509.69	-5509.69	-5509.69
35	-5509.69	-5509.69	-5509.69	-5509.69
36	-5509.69	-5509.69	-5509.69	-5509.69
37	-5509.69	-5509.69	-5509.69	-5509.69
38	-5509.69	-5509.69	-5509.69	-5509.69
39	-5509.69	-5509.69	-5509.69	-5509.69
40	-5509.69	-5509.69	-5509.69	-5509.69
41	-5509.69	-5509.69	-5509.69	-5509.69
42	-5509.69	-5509.69	-5509.69	-5509.69
43	-5509.69	-5509.69	-5509.69	-5509.69
44	-5509.69	-5509.69	-5509.69	-5509.69
45	-5509.69	-5509.69	-5509.69	-5509.69
46	-5509.69	-5509.69	-5509.69	-5509.69
47	-5509.69	-5509.69	-5509.69	-5509.69
48	-5509.69	-5509.69	-5509.69	-5509.69
49	-5509.69	-5509.69	-5509.69	-5509.69
50	-5509.69	-5509.69	-5509.69	-5509.69
51	-5509.69	-5509.69	-5509.69	-5509.69
52	-5509.69	-5509.69	-5509.69	-5509.69
53	-5509.69	-5509.69	-5509.69	-5509.69
54	-5509.69	-5509.69	-5509.69	-5509.69
55	-5509.69	-5509.69	-5509.69	-5509.69
56	-5509.69	-5509.69	-5509.69	-5509.69
57	-5509.69	-5509.69	-5509.69	-5509.69
58	-5509.69	-5509.69	-5509.69	-5509.69
59	-5509.69	-5509.69	-5509.69	-5509.69
60	-5509.69	-5509.69	-5509.69	-5509.69
61	-5509.69	-5509.69	-5509.69	-5509.69
62	-5509.69	-5509.69	-5509.69	-5509.69
63	-5509.69	-5509.69	-5509.69	-5509.69
64	-5509.69	-5509.69	-5509.69	-5509.69
65	-5509.69	-5509.69	-5509.69	-5509.69
66	-5509.69	-5509.69	-5509.69	-5509.69
67	-5509.69	-5509.69	-5509.69	-5509.69
68	-5509.69	-5509.69	-5509.69	-5509.69
69	-5509.69	-5509.69	-5509.69	-5509.69
70	-5509.69	-5509.69	-5509.69	-5509.69
71	-5509.69	-5509.69	-5509.69	-5509.69
72	-5509.69	-5509.69	-5509.69	-5509.69
73	-5509.69	-5509.69	-5509.69	-5509.69
74	-5509.69	-5509.69	-5509.69	-5509.69
75	-5509.69	-5509.69	-5509.69	-5509.69
76	-5509.69	-5509.69	-5509.69	-5509.69
77	-5509.69	-5509.69	-5509.69	-5509.69
78	-5509.69	-5509.69	-5509.69	-5509.69
79	-5509.69	-5509.69	-5509.69	-5509.69
80	-5509.69	-5509.69	-5509.69	-5509.69
81	-5509.69	-5509.69	-5509.69	-5509.69
82	-5509.69	-5509.69	-5509.69	-5509.69
83	-5509.69	-5509.69	-5509.69	-5509.69
84	-5509.69	-5509.69	-5509.69	-5509.69
85	-5509.69	-5509.69	-5509.69	-5509.69
86	-5509.69	-5509.69	-5509.69	-5509.69
87	-5509.69	-5509.69	-5509.69	-5509.69
88	-5509.69	-5509.69	-5509.69	-5509.69
89	-5509.69	-5509.69	-5509.69	-5509.69
90	-5509.69	-5509.69	-5509.69	-5509.69
91	-5509.69	-5509.69	-5509.69	-5509.69
92	-5509.69	-5509.69	-5509.69	-5509.69
93	-5509.69	-5509.69	-5509.69	-5509.69
94	-5509.69	-5509.69	-5509.69	-5509.69
95	-5509.69	-5509.69	-5509.69	-5509.69
96	-5509.69	-5509.69	-5509.69	-5509.69
97	-5509.69	-5509.69	-5509.69	-5509.69
98	-5509.69	-5509.69	-5509.69	-5509.69
99	-5509.69	-5509.69	-5509.69	-5509.69
100	-5509.69	-5509.69	-5509.69	-5509.69
