1	-5769.17	-5765.94	-5764.22	-5769.17
2	-5770.32	-5770.32	-5764.22	-5769.17
3	-5770.32	-5770.32	-5764.22	-5769.17
4	-5770.32	-5770.32	-5766.67	-5769.17
5	-5770.61	-5770.61	-5767.17	-5769.17
6	-5770.61	-5770.61	-5767.8	-5769.17
7	-5770.61	-5770.61	-5767.8	-5769.17
8	-5770.61	-5770.61	-5768.23	-5769.17
9	-5770.61	-5770.61	-5768.23	-5769.17
10	-5771.18	-5770.61	-5771.18	-5769.17
11	-5771.18	-5770.7	-5771.18	-5770.13
12	-5771.48	-5771.02	-5771.18	-5771.48
13	-5771.48	-5771.02	-5771.18	-5771.48
14	-5771.48	-5771.02	-5771.18	-5771.48
15	-5771.48	-5771.02	-5771.18	-5771.48
16	-5772.68	-5771.02	-5771.18	-5772.68
17	-5772.68	-5771.02	-5771.18	-5772.68
18	-5772.68	-5771.02	-5771.18	-5772.68
19	-5772.68	-5771.02	-5771.18	-5772.68
20	-5772.68	-5772.68	-5772.68	-5772.68
21	-5772.68	-5772.68	-5772.68	-5772.68
22	-5772.89	-5772.68	-5772.89	-5772.68
23	-5772.89	-5772.68	-5772.89	-5772.68
24	-5772.89	-5772.68	-5772.89	-5772.68
25	-5772.89	-5772.68	-5772.89	-5772.68
26	-5772.89	-5772.68	-5772.89	-5772.68
27	-5772.89	-5772.68	-5772.89	-5772.68
28	-5772.89	-5772.68	-5772.89	-5772.68
29	-5772.89	-5772.68	-5772.89	-5772.68
30	-5772.99	-5772.68	-5772.99	-5772.68
31	-5772.99	-5772.68	-5772.99	-5772.68
32	-5772.99	-5772.68	-5772.99	-5772.68
33	-5772.99	-5772.68	-5772.99	-5772.68
34	-5772.99	-5772.68	-5772.99	-5772.68
35	-5772.99	-5772.68	-5772.99	-5772.68
36	-5772.99	-5772.68	-5772.99	-5772.68
37	-5772.99	-5772.68	-5772.99	-5772.68
38	-5773.08	-5772.68	-5773.08	-5772.68
39	-5773.08	-5772.68	-5773.08	-5772.68
40	-5773.08	-5773.08	-5773.08	-5773.08
41	-5773.08	-5773.08	-5773.08	-5773.08
42	-5773.12	-5773.08	-5773.12	-5773.08
43	-5773.12	-5773.08	-5773.12	-5773.08
44	-5773.12	-5773.08	-5773.12	-5773.08
45	-5773.12	-5773.08	-5773.12	-5773.08
46	-5773.12	-5773.08	-5773.12	-5773.08
47	-5773.61	-5773.08	-5773.61	-5773.08
48	-5773.61	-5773.08	-5773.61	-5773.08
49	-5773.61	-5773.08	-5773.61	-5773.08
50	-5773.61	-5773.08	-5773.61	-5773.08
51	-5773.61	-5773.08	-5773.61	-5773.08
52	-5773.61	-5773.08	-5773.61	-5773.08
53	-5773.61	-5773.08	-5773.61	-5773.08
54	-5773.72	-5773.08	-5773.61	-5773.72
55	-5773.72	-5773.08	-5773.61	-5773.72
56	-5773.72	-5773.08	-5773.61	-5773.72
57	-5773.72	-5773.08	-5773.61	-5773.72
58	-5773.72	-5773.08	-5773.61	-5773.72
59	-5773.72	-5773.08	-5773.61	-5773.72
60	-5773.72	-5773.72	-5773.72	-5773.72
61	-5773.72	-5773.72	-5773.72	-5773.72
62	-5773.72	-5773.72	-5773.72	-5773.72
63	-5773.72	-5773.72	-5773.72	-5773.72
64	-5773.72	-5773.72	-5773.72	-5773.72
65	-5773.72	-5773.72	-5773.72	-5773.72
66	-5773.72	-5773.72	-5773.72	-5773.72
67	-5773.72	-5773.72	-5773.72	-5773.72
68	-5773.72	-5773.72	-5773.72	-5773.72
69	-5773.72	-5773.72	-5773.72	-5773.72
70	-5773.72	-5773.72	-5773.72	-5773.72
71	-5773.72	-5773.72	-5773.72	-5773.72
72	-5773.72	-5773.72	-5773.72	-5773.72
73	-5773.72	-5773.72	-5773.72	-5773.72
74	-5773.72	-5773.72	-5773.72	-5773.72
75	-5773.72	-5773.72	-5773.72	-5773.72
76	-5773.72	-5773.72	-5773.72	-5773.72
77	-5773.72	-5773.72	-5773.72	-5773.72
78	-5773.72	-5773.72	-5773.72	-5773.72
79	-5773.72	-5773.72	-5773.72	-5773.72
80	-5773.72	-5773.72	-5773.72	-5773.72
81	-5773.72	-5773.72	-5773.72	-5773.72
82	-5773.72	-5773.72	-5773.72	-5773.72
83	-5773.72	-5773.72	-5773.72	-5773.72
84	-5773.72	-5773.72	-5773.72	-5773.72
85	-5773.72	-5773.72	-5773.72	-5773.72
86	-5773.72	-5773.72	-5773.72	-5773.72
87	-5773.72	-5773.72	-5773.72	-5773.72
88	-5773.72	-5773.72	-5773.72	-5773.72
89	-5773.72	-5773.72	-5773.72	-5773.72
90	-5773.72	-5773.72	-5773.72	-5773.72
91	-5773.72	-5773.72	-5773.72	-5773.72
92	-5773.72	-5773.72	-5773.72	-5773.72
93	-5773.72	-5773.72	-5773.72	-5773.72
94	-5773.72	-5773.72	-5773.72	-5773.72
95	-5773.72	-5773.72	-5773.72	-5773.72
96	-5773.72	-5773.72	-5773.72	-5773.72
97	-5773.72	-5773.72	-5773.72	-5773.72
98	-5773.72	-5773.72	-5773.72	-5773.72
99	-5773.72	-5773.72	-5773.72	-5773.72
100	-5773.72	-5773.72	-5773.72	-5773.72
1	-5766.09	-5766.09	-5764.92	-5765.48
2	-5768.16	-5768.16	-5767.38	-5765.48
3	-5769.75	-5769.75	-5767.71	-5765.48
4	-5769.75	-5769.75	-5767.71	-5766.1
5	-5769.75	-5769.75	-5767.71	-5767.12
6	-5771.61	-5771.61	-5767.71	-5767.12
7	-5771.61	-5771.61	-5768.59	-5767.12
8	-5771.61	-5771.61	-5768.59	-5767.12
9	-5771.61	-5771.61	-5770.88	-5768.45
10	-5771.61	-5771.61	-5770.88	-5771.27
11	-5771.61	-5771.61	-5770.88	-5771.27
12	-5771.61	-5771.61	-5770.88	-5771.27
13	-5771.96	-5771.61	-5770.88	-5771.96
14	-5771.96	-5771.61	-5770.88	-5771.96
15	-5773.27	-5771.61	-5773.27	-5771.96
16	-5773.27	-5771.61	-5773.27	-5771.96
17	-5773.27	-5771.61	-5773.27	-5771.96
18	-5773.27	-5771.61	-5773.27	-5771.96
19	-5773.27	-5771.61	-5773.27	-5771.96
20	-5774.79	-5774.79	-5774.79	-5774.79
21	-5774.79	-5774.79	-5774.79	-5774.79
22	-5774.79	-5774.79	-5774.79	-5774.79
23	-5774.79	-5774.79	-5774.79	-5774.79
24	-5774.79	-5774.79	-5774.79	-5774.79
25	-5774.79	-5774.79	-5774.79	-5774.79
26	-5774.79	-5774.79	-5774.79	-5774.79
27	-5774.79	-5774.79	-5774.79	-5774.79
28	-5774.79	-5774.79	-5774.79	-5774.79
29	-5774.79	-5774.79	-5774.79	-5774.79
30	-5774.79	-5774.79	-5774.79	-5774.79
31	-5774.79	-5774.79	-5774.79	-5774.79
32	-5774.79	-5774.79	-5774.79	-5774.79
33	-5774.79	-5774.79	-5774.79	-5774.79
34	-5774.79	-5774.79	-5774.79	-5774.79
35	-5774.79	-5774.79	-5774.79	-5774.79
36	-5774.79	-5774.79	-5774.79	-5774.79
37	-5774.79	-5774.79	-5774.79	-5774.79
38	-5774.79	-5774.79	-5774.79	-5774.79
39	-5774.79	-5774.79	-5774.79	-5774.79
40	-5774.79	-5774.79	-5774.79	-5774.79
41	-5774.79	-5774.79	-5774.79	-5774.79
42	-5774.79	-5774.79	-5774.79	-5774.79
43	-5774.79	-5774.79	-5774.79	-5774.79
44	-5774.79	-5774.79	-5774.79	-5774.79
45	-5774.79	-5774.79	-5774.79	-5774.79
46	-5774.79	-5774.79	-5774.79	-5774.79
47	-5774.79	-5774.79	-5774.79	-5774.79
48	-5774.79	-5774.79	-5774.79	-5774.79
49	-5774.79	-5774.79	-5774.79	-5774.79
50	-5774.79	-5774.79	-5774.79	-5774.79
51	-5774.79	-5774.79	-5774.79	-5774.79
52	-5774.79	-5774.79	-5774.79	-5774.79
53	-5774.79	-5774.79	-5774.79	-5774.79
54	-5774.79	-5774.79	-5774.79	-5774.79
55	-5774.79	-5774.79	-5774.79	-5774.79
56	-5774.79	-5774.79	-5774.79	-5774.79
57	-5774.79	-5774.79	-5774.79	-5774.79
58	-5774.79	-5774.79	-5774.79	-5774.79
59	-5774.79	-5774.79	-5774.79	-5774.79
60	-5774.79	-5774.79	-5774.79	-5774.79
61	-5774.79	-5774.79	-5774.79	-5774.79
62	-5774.79	-5774.79	-5774.79	-5774.79
63	-5774.79	-5774.79	-5774.79	-5774.79
64	-5774.79	-5774.79	-5774.79	-5774.79
65	-5774.79	-5774.79	-5774.79	-5774.79
66	-5774.79	-5774.79	-5774.79	-5774.79
67	-5774.79	-5774.79	-5774.79	-5774.79
68	-5774.79	-5774.79	-5774.79	-5774.79
69	-5774.79	-5774.79	-5774.79	-5774.79
70	-5774.79	-5774.79	-5774.79	-5774.79
71	-5774.79	-5774.79	-5774.79	-5774.79
72	-5774.79	-5774.79	-5774.79	-5774.79
73	-5774.79	-5774.79	-5774.79	-5774.79
74	-5774.79	-5774.79	-5774.79	-5774.79
75	-5774.79	-5774.79	-5774.79	-5774.79
76	-5774.79	-5774.79	-5774.79	-5774.79
77	-5774.79	-5774.79	-5774.79	-5774.79
78	-5774.79	-5774.79	-5774.79	-5774.79
79	-5774.79	-5774.79	-5774.79	-5774.79
80	-5774.79	-5774.79	-5774.79	-5774.79
81	-5774.79	-5774.79	-5774.79	-5774.79
82	-5774.79	-5774.79	-5774.79	-5774.79
83	-5774.79	-5774.79	-5774.79	-5774.79
84	-5774.79	-5774.79	-5774.79	-5774.79
85	-5774.79	-5774.79	-5774.79	-5774.79
86	-5774.79	-5774.79	-5774.79	-5774.79
87	-5774.79	-5774.79	-5774.79	-5774.79
88	-5774.79	-5774.79	-5774.79	-5774.79
89	-5774.79	-5774.79	-5774.79	-5774.79
90	-5774.79	-5774.79	-5774.79	-5774.79
91	-5774.79	-5774.79	-5774.79	-5774.79
92	-5774.79	-5774.79	-5774.79	-5774.79
93	-5774.79	-5774.79	-5774.79	-5774.79
94	-5774.79	-5774.79	-5774.79	-5774.79
95	-5774.79	-5774.79	-5774.79	-5774.79
96	-5774.79	-5774.79	-5774.79	-5774.79
97	-5774.79	-5774.79	-5774.79	-5774.79
98	-5774.79	-5774.79	-5774.79	-5774.79
99	-5774.79	-5774.79	-5774.79	-5774.79
100	-5774.79	-5774.79	-5774.79	-5774.79
1	-5766.86	-5766.86	-5766.12	-5762.17
2	-5767.78	-5766.86	-5766.12	-5767.78
3	-5771.46	-5768.58	-5771.46	-5768.85
4	-5771.46	-5768.71	-5771.46	-5768.85
5	-5771.56	-5771.56	-5771.46	-5768.87
6	-5772.25	-5772.25	-5771.46	-5768.87
7	-5772.25	-5772.25	-5771.46	-5769.75
8	-5772.25	-5772.25	-5771.46	-5769.75
9	-5772.25	-5772.25	-5771.85	-5769.97
10	-5772.25	-5772.25	-5771.85	-5769.97
11	-5772.25	-5772.25	-5771.85	-5769.97
12	-5772.25	-5772.25	-5771.85	-5769.97
13	-5772.25	-5772.25	-5772.03	-5769.97
14	-5772.68	-5772.25	-5772.68	-5769.97
15	-5772.68	-5772.25	-5772.68	-5769.97
16	-5772.68	-5772.25	-5772.68	-5769.97
17	-5772.68	-5772.25	-5772.68	-5771.27
18	-5772.68	-5772.25	-5772.68	-5771.27
19	-5772.68	-5772.25	-5772.68	-5772.03
20	-5772.68	-5772.68	-5772.68	-5772.68
21	-5772.68	-5772.68	-5772.68	-5772.68
22	-5772.68	-5772.68	-5772.68	-5772.68
23	-5773.12	-5772.68	-5773.12	-5772.88
24	-5773.12	-5772.68	-5773.12	-5772.88
25	-5773.12	-5772.68	-5773.12	-5772.88
26	-5773.12	-5772.68	-5773.12	-5772.88
27	-5773.12	-5772.68	-5773.12	-5772.88
28	-5773.72	-5772.68	-5773.72	-5772.88
29	-5773.72	-5772.68	-5773.72	-5772.88
30	-5773.72	-5772.68	-5773.72	-5772.88
31	-5773.72	-5772.68	-5773.72	-5772.88
32	-5773.72	-5772.68	-5773.72	-5772.88
33	-5773.72	-5772.68	-5773.72	-5772.88
34	-5773.72	-5772.68	-5773.72	-5772.88
35	-5773.72	-5772.68	-5773.72	-5772.88
36	-5773.72	-5773.61	-5773.72	-5772.88
37	-5773.72	-5773.61	-5773.72	-5772.88
38	-5773.72	-5773.61	-5773.72	-5772.88
39	-5773.72	-5773.61	-5773.72	-5772.88
40	-5773.72	-5773.72	-5773.72	-5773.72
41	-5773.72	-5773.72	-5773.72	-5773.72
42	-5773.72	-5773.72	-5773.72	-5773.72
43	-5773.72	-5773.72	-5773.72	-5773.72
44	-5773.72	-5773.72	-5773.72	-5773.72
45	-5773.72	-5773.72	-5773.72	-5773.72
46	-5773.72	-5773.72	-5773.72	-5773.72
47	-5773.72	-5773.72	-5773.72	-5773.72
48	-5773.72	-5773.72	-5773.72	-5773.72
49	-5773.72	-5773.72	-5773.72	-5773.72
50	-5773.72	-5773.72	-5773.72	-5773.72
51	-5773.72	-5773.72	-5773.72	-5773.72
52	-5773.72	-5773.72	-5773.72	-5773.72
53	-5773.72	-5773.72	-5773.72	-5773.72
54	-5773.72	-5773.72	-5773.72	-5773.72
55	-5773.72	-5773.72	-5773.72	-5773.72
56	-5773.72	-5773.72	-5773.72	-5773.72
57	-5773.72	-5773.72	-5773.72	-5773.72
58	-5773.72	-5773.72	-5773.72	-5773.72
59	-5773.72	-5773.72	-5773.72	-5773.72
60	-5773.72	-5773.72	-5773.72	-5773.72
61	-5773.72	-5773.72	-5773.72	-5773.72
62	-5773.72	-5773.72	-5773.72	-5773.72
63	-5773.72	-5773.72	-5773.72	-5773.72
64	-5773.72	-5773.72	-5773.72	-5773.72
65	-5773.72	-5773.72	-5773.72	-5773.72
66	-5773.72	-5773.72	-5773.72	-5773.72
67	-5773.72	-5773.72	-5773.72	-5773.72
68	-5773.72	-5773.72	-5773.72	-5773.72
69	-5773.72	-5773.72	-5773.72	-5773.72
70	-5773.72	-5773.72	-5773.72	-5773.72
71	-5773.72	-5773.72	-5773.72	-5773.72
72	-5773.72	-5773.72	-5773.72	-5773.72
73	-5773.72	-5773.72	-5773.72	-5773.72
74	-5773.72	-5773.72	-5773.72	-5773.72
75	-5773.72	-5773.72	-5773.72	-5773.72
76	-5773.72	-5773.72	-5773.72	-5773.72
77	-5773.72	-5773.72	-5773.72	-5773.72
78	-5773.72	-5773.72	-5773.72	-5773.72
79	-5773.72	-5773.72	-5773.72	-5773.72
80	-5773.72	-5773.72	-5773.72	-5773.72
81	-5773.72	-5773.72	-5773.72	-5773.72
82	-5773.72	-5773.72	-5773.72	-5773.72
83	-5773.72	-5773.72	-5773.72	-5773.72
84	-5773.72	-5773.72	-5773.72	-5773.72
85	-5773.72	-5773.72	-5773.72	-5773.72
86	-5773.72	-5773.72	-5773.72	-5773.72
87	-5773.72	-5773.72	-5773.72	-5773.72
88	-5773.72	-5773.72	-5773.72	-5773.72
89	-5773.72	-5773.72	-5773.72	-5773.72
90	-5773.72	-5773.72	-5773.72	-5773.72
91	-5773.72	-5773.72	-5773.72	-5773.72
92	-5773.72	-5773.72	-5773.72	-5773.72
93	-5773.72	-5773.72	-5773.72	-5773.72
94	-5773.72	-5773.72	-5773.72	-5773.72
95	-5773.72	-5773.72	-5773.72	-5773.72
96	-5773.72	-5773.72	-5773.72	-5773.72
97	-5773.72	-5773.72	-5773.72	-5773.72
98	-5773.72	-5773.72	-5773.72	-5773.72
99	-5773.72	-5773.72	-5773.72	-5773.72
100	-5773.72	-5773.72	-5773.72	-5773.72
