1	-8942.55	-8936.67	-8938.47	-8942.55
2	-8944.59	-8938.47	-8938.47	-8944.59
3	-8944.59	-8938.47	-8938.47	-8944.59
4	-8955.91	-8938.47	-8938.47	-8955.91
5	-8965.25	-8939.43	-8939.43	-8965.25
6	-8965.25	-8939.43	-8944.59	-8965.25
7	-8965.25	-8939.43	-8944.59	-8965.25
8	-8965.25	-8939.43	-8944.59	-8965.25
9	-8965.25	-8940.91	-8944.59	-8965.25
10	-8965.25	-8940.91	-8944.59	-8965.25
11	-8965.25	-8940.91	-8958.6	-8965.25
12	-8965.25	-8940.91	-8958.6	-8965.25
13	-8965.25	-8942.55	-8958.6	-8965.25
14	-8965.25	-8942.55	-8958.6	-8965.25
15	-8965.25	-8942.55	-8965.25	-8965.25
16	-8965.25	-8942.55	-8965.25	-8965.25
17	-8965.25	-8942.55	-8965.25	-8965.25
18	-8965.25	-8942.55	-8965.25	-8965.25
19	-8965.25	-8942.55	-8965.25	-8965.25
20	-8965.25	-8965.25	-8965.25	-8965.25
21	-8965.25	-8965.25	-8965.25	-8965.25
22	-8965.25	-8965.25	-8965.25	-8965.25
23	-8965.25	-8965.25	-8965.25	-8965.25
24	-8965.25	-8965.25	-8965.25	-8965.25
25	-8965.25	-8965.25	-8965.25	-8965.25
26	-8965.25	-8965.25	-8965.25	-8965.25
27	-8965.25	-8965.25	-8965.25	-8965.25
28	-8965.25	-8965.25	-8965.25	-8965.25
29	-8965.25	-8965.25	-8965.25	-8965.25
30	-8965.25	-8965.25	-8965.25	-8965.25
31	-8965.25	-8965.25	-8965.25	-8965.25
32	-8965.25	-8965.25	-8965.25	-8965.25
33	-8965.25	-8965.25	-8965.25	-8965.25
34	-8965.25	-8965.25	-8965.25	-8965.25
35	-8965.25	-8965.25	-8965.25	-8965.25
36	-8965.25	-8965.25	-8965.25	-8965.25
37	-8965.25	-8965.25	-8965.25	-8965.25
38	-8965.25	-8965.25	-8965.25	-8965.25
39	-8965.25	-8965.25	-8965.25	-8965.25
40	-8965.25	-8965.25	-8965.25	-8965.25
41	-8965.25	-8965.25	-8965.25	-8965.25
42	-8965.25	-8965.25	-8965.25	-8965.25
43	-8965.25	-8965.25	-8965.25	-8965.25
44	-8965.25	-8965.25	-8965.25	-8965.25
45	-8965.25	-8965.25	-8965.25	-8965.25
46	-8965.25	-8965.25	-8965.25	-8965.25
47	-8965.25	-8965.25	-8965.25	-8965.25
48	-8965.25	-8965.25	-8965.25	-8965.25
49	-8965.25	-8965.25	-8965.25	-8965.25
50	-8965.25	-8965.25	-8965.25	-8965.25
51	-8965.25	-8965.25	-8965.25	-8965.25
52	-8965.25	-8965.25	-8965.25	-8965.25
53	-8965.25	-8965.25	-8965.25	-8965.25
54	-8965.25	-8965.25	-8965.25	-8965.25
55	-8965.25	-8965.25	-8965.25	-8965.25
56	-8965.25	-8965.25	-8965.25	-8965.25
57	-8965.25	-8965.25	-8965.25	-8965.25
58	-8965.25	-8965.25	-8965.25	-8965.25
59	-8965.25	-8965.25	-8965.25	-8965.25
60	-8965.25	-8965.25	-8965.25	-8965.25
61	-8965.25	-8965.25	-8965.25	-8965.25
62	-8965.25	-8965.25	-8965.25	-8965.25
63	-8965.25	-8965.25	-8965.25	-8965.25
64	-8965.25	-8965.25	-8965.25	-8965.25
65	-8965.25	-8965.25	-8965.25	-8965.25
66	-8965.25	-8965.25	-8965.25	-8965.25
67	-8965.25	-8965.25	-8965.25	-8965.25
68	-8965.25	-8965.25	-8965.25	-8965.25
69	-8965.25	-8965.25	-8965.25	-8965.25
70	-8965.25	-8965.25	-8965.25	-8965.25
71	-8965.25	-8965.25	-8965.25	-8965.25
72	-8965.25	-8965.25	-8965.25	-8965.25
73	-8965.25	-8965.25	-8965.25	-8965.25
74	-8965.25	-8965.25	-8965.25	-8965.25
75	-8965.25	-8965.25	-8965.25	-8965.25
76	-8965.25	-8965.25	-8965.25	-8965.25
77	-8965.25	-8965.25	-8965.25	-8965.25
78	-8965.25	-8965.25	-8965.25	-8965.25
79	-8965.25	-8965.25	-8965.25	-8965.25
80	-8965.25	-8965.25	-8965.25	-8965.25
81	-8965.25	-8965.25	-8965.25	-8965.25
82	-8965.25	-8965.25	-8965.25	-8965.25
83	-8965.25	-8965.25	-8965.25	-8965.25
84	-8965.25	-8965.25	-8965.25	-8965.25
85	-8965.25	-8965.25	-8965.25	-8965.25
86	-8965.25	-8965.25	-8965.25	-8965.25
87	-8965.25	-8965.25	-8965.25	-8965.25
88	-8965.25	-8965.25	-8965.25	-8965.25
89	-8965.25	-8965.25	-8965.25	-8965.25
90	-8965.25	-8965.25	-8965.25	-8965.25
91	-8965.25	-8965.25	-8965.25	-8965.25
92	-8965.25	-8965.25	-8965.25	-8965.25
93	-8965.25	-8965.25	-8965.25	-8965.25
94	-8965.25	-8965.25	-8965.25	-8965.25
95	-8965.25	-8965.25	-8965.25	-8965.25
96	-8965.25	-8965.25	-8965.25	-8965.25
97	-8965.25	-8965.25	-8965.25	-8965.25
98	-8965.25	-8965.25	-8965.25	-8965.25
99	-8965.25	-8965.25	-8965.25	-8965.25
100	-8965.25	-8965.25	-8965.25	-8965.25
1	-8939.43	-8939.43	-8939.43	-8927.12
2	-8965.25	-8939.43	-8965.25	-8933.21
3	-8965.25	-8939.43	-8965.25	-8938.47
4	-8965.25	-8939.43	-8965.25	-8938.47
5	-8965.25	-8939.43	-8965.25	-8939.43
6	-8965.25	-8939.43	-8965.25	-8939.43
7	-8965.25	-8939.43	-8965.25	-8939.43
8	-8965.25	-8939.43	-8965.25	-8958.6
9	-8965.25	-8939.43	-8965.25	-8965.25
10	-8965.25	-8939.43	-8965.25	-8965.25
11	-8965.25	-8939.43	-8965.25	-8965.25
12	-8965.25	-8939.43	-8965.25	-8965.25
13	-8965.25	-8955.91	-8965.25	-8965.25
14	-8965.25	-8965.25	-8965.25	-8965.25
15	-8965.25	-8965.25	-8965.25	-8965.25
16	-8965.25	-8965.25	-8965.25	-8965.25
17	-8965.25	-8965.25	-8965.25	-8965.25
18	-8965.25	-8965.25	-8965.25	-8965.25
19	-8965.25	-8965.25	-8965.25	-8965.25
20	-8965.25	-8965.25	-8965.25	-8965.25
21	-8965.25	-8965.25	-8965.25	-8965.25
22	-8965.25	-8965.25	-8965.25	-8965.25
23	-8965.25	-8965.25	-8965.25	-8965.25
24	-8965.25	-8965.25	-8965.25	-8965.25
25	-8965.25	-8965.25	-8965.25	-8965.25
26	-8965.25	-8965.25	-8965.25	-8965.25
27	-8965.25	-8965.25	-8965.25	-8965.25
28	-8965.25	-8965.25	-8965.25	-8965.25
29	-8965.25	-8965.25	-8965.25	-8965.25
30	-8965.25	-8965.25	-8965.25	-8965.25
31	-8965.25	-8965.25	-8965.25	-8965.25
32	-8965.25	-8965.25	-8965.25	-8965.25
33	-8965.25	-8965.25	-8965.25	-8965.25
34	-8965.25	-8965.25	-8965.25	-8965.25
35	-8965.25	-8965.25	-8965.25	-8965.25
36	-8965.25	-8965.25	-8965.25	-8965.25
37	-8965.25	-8965.25	-8965.25	-8965.25
38	-8965.25	-8965.25	-8965.25	-8965.25
39	-8965.25	-8965.25	-8965.25	-8965.25
40	-8965.25	-8965.25	-8965.25	-8965.25
41	-8965.25	-8965.25	-8965.25	-8965.25
42	-8965.25	-8965.25	-8965.25	-8965.25
43	-8965.25	-8965.25	-8965.25	-8965.25
44	-8965.25	-8965.25	-8965.25	-8965.25
45	-8965.25	-8965.25	-8965.25	-8965.25
46	-8965.25	-8965.25	-8965.25	-8965.25
47	-8965.25	-8965.25	-8965.25	-8965.25
48	-8965.25	-8965.25	-8965.25	-8965.25
49	-8965.25	-8965.25	-8965.25	-8965.25
50	-8965.25	-8965.25	-8965.25	-8965.25
51	-8965.25	-8965.25	-8965.25	-8965.25
52	-8965.25	-8965.25	-8965.25	-8965.25
53	-8965.25	-8965.25	-8965.25	-8965.25
54	-8965.25	-8965.25	-8965.25	-8965.25
55	-8965.25	-8965.25	-8965.25	-8965.25
56	-8965.25	-8965.25	-8965.25	-8965.25
57	-8965.25	-8965.25	-8965.25	-8965.25
58	-8965.25	-8965.25	-8965.25	-8965.25
59	-8965.25	-8965.25	-8965.25	-8965.25
60	-8965.25	-8965.25	-8965.25	-8965.25
61	-8965.25	-8965.25	-8965.25	-8965.25
62	-8965.25	-8965.25	-8965.25	-8965.25
63	-8965.25	-8965.25	-8965.25	-8965.25
64	-8965.25	-8965.25	-8965.25	-8965.25
65	-8965.25	-8965.25	-8965.25	-8965.25
66	-8965.25	-8965.25	-8965.25	-8965.25
67	-8965.25	-8965.25	-8965.25	-8965.25
68	-8965.25	-8965.25	-8965.25	-8965.25
69	-8965.25	-8965.25	-8965.25	-8965.25
70	-8965.25	-8965.25	-8965.25	-8965.25
71	-8965.25	-8965.25	-8965.25	-8965.25
72	-8965.25	-8965.25	-8965.25	-8965.25
73	-8965.25	-8965.25	-8965.25	-8965.25
74	-8965.25	-8965.25	-8965.25	-8965.25
75	-8965.25	-8965.25	-8965.25	-8965.25
76	-8965.25	-8965.25	-8965.25	-8965.25
77	-8965.25	-8965.25	-8965.25	-8965.25
78	-8965.25	-8965.25	-8965.25	-8965.25
79	-8965.25	-8965.25	-8965.25	-8965.25
80	-8965.25	-8965.25	-8965.25	-8965.25
81	-8965.25	-8965.25	-8965.25	-8965.25
82	-8965.25	-8965.25	-8965.25	-8965.25
83	-8965.25	-8965.25	-8965.25	-8965.25
84	-8965.25	-8965.25	-8965.25	-8965.25
85	-8965.25	-8965.25	-8965.25	-8965.25
86	-8965.25	-8965.25	-8965.25	-8965.25
87	-8965.25	-8965.25	-8965.25	-8965.25
88	-8965.25	-8965.25	-8965.25	-8965.25
89	-8965.25	-8965.25	-8965.25	-8965.25
90	-8965.25	-8965.25	-8965.25	-8965.25
91	-8965.25	-8965.25	-8965.25	-8965.25
92	-8965.25	-8965.25	-8965.25	-8965.25
93	-8965.25	-8965.25	-8965.25	-8965.25
94	-8965.25	-8965.25	-8965.25	-8965.25
95	-8965.25	-8965.25	-8965.25	-8965.25
96	-8965.25	-8965.25	-8965.25	-8965.25
97	-8965.25	-8965.25	-8965.25	-8965.25
98	-8965.25	-8965.25	-8965.25	-8965.25
99	-8965.25	-8965.25	-8965.25	-8965.25
100	-8965.25	-8965.25	-8965.25	-8965.25
1	-8944.59	-8923.33	-8944.59	-8936.67
2	-8944.59	-8931.9	-8944.59	-8936.67
3	-8944.59	-8931.9	-8944.59	-8939.43
4	-8944.59	-8939.43	-8944.59	-8939.43
5	-8944.59	-8939.43	-8944.59	-8939.43
6	-8944.59	-8939.43	-8944.59	-8939.43
7	-8944.59	-8939.43	-8944.59	-8939.43
8	-8965.25	-8939.43	-8965.25	-8939.43
9	-8965.25	-8939.43	-8965.25	-8942.55
10	-8965.25	-8939.43	-8965.25	-8942.55
11	-8965.25	-8939.43	-8965.25	-8942.55
12	-8965.25	-8942.55	-8965.25	-8965.25
13	-8965.25	-8942.55	-8965.25	-8965.25
14	-8965.25	-8942.55	-8965.25	-8965.25
15	-8965.25	-8942.55	-8965.25	-8965.25
16	-8965.25	-8942.55	-8965.25	-8965.25
17	-8965.25	-8965.25	-8965.25	-8965.25
18	-8965.25	-8965.25	-8965.25	-8965.25
19	-8965.25	-8965.25	-8965.25	-8965.25
20	-8965.25	-8965.25	-8965.25	-8965.25
21	-8965.25	-8965.25	-8965.25	-8965.25
22	-8965.25	-8965.25	-8965.25	-8965.25
23	-8965.25	-8965.25	-8965.25	-8965.25
24	-8965.25	-8965.25	-8965.25	-8965.25
25	-8965.25	-8965.25	-8965.25	-8965.25
26	-8965.25	-8965.25	-8965.25	-8965.25
27	-8965.25	-8965.25	-8965.25	-8965.25
28	-8965.25	-8965.25	-8965.25	-8965.25
29	-8965.25	-8965.25	-8965.25	-8965.25
30	-8965.25	-8965.25	-8965.25	-8965.25
31	-8965.25	-8965.25	-8965.25	-8965.25
32	-8965.25	-8965.25	-8965.25	-8965.25
33	-8965.25	-8965.25	-8965.25	-8965.25
34	-8965.25	-8965.25	-8965.25	-8965.25
35	-8965.25	-8965.25	-8965.25	-8965.25
36	-8965.25	-8965.25	-8965.25	-8965.25
37	-8965.25	-8965.25	-8965.25	-8965.25
38	-8965.25	-8965.25	-8965.25	-8965.25
39	-8965.25	-8965.25	-8965.25	-8965.25
40	-8965.25	-8965.25	-8965.25	-8965.25
41	-8965.25	-8965.25	-8965.25	-8965.25
42	-8965.25	-8965.25	-8965.25	-8965.25
43	-8965.25	-8965.25	-8965.25	-8965.25
44	-8965.25	-8965.25	-8965.25	-8965.25
45	-8965.25	-8965.25	-8965.25	-8965.25
46	-8965.25	-8965.25	-8965.25	-8965.25
47	-8965.25	-8965.25	-8965.25	-8965.25
48	-8965.25	-8965.25	-8965.25	-8965.25
49	-8965.25	-8965.25	-8965.25	-8965.25
50	-8965.25	-8965.25	-8965.25	-8965.25
51	-8965.25	-8965.25	-8965.25	-8965.25
52	-8965.25	-8965.25	-8965.25	-8965.25
53	-8965.25	-8965.25	-8965.25	-8965.25
54	-8965.25	-8965.25	-8965.25	-8965.25
55	-8965.25	-8965.25	-8965.25	-8965.25
56	-8965.25	-8965.25	-8965.25	-8965.25
57	-8965.25	-8965.25	-8965.25	-8965.25
58	-8965.25	-8965.25	-8965.25	-8965.25
59	-8965.25	-8965.25	-8965.25	-8965.25
60	-8965.25	-8965.25	-8965.25	-8965.25
61	-8965.25	-8965.25	-8965.25	-8965.25
62	-8965.25	-8965.25	-8965.25	-8965.25
63	-8965.25	-8965.25	-8965.25	-8965.25
64	-8965.25	-8965.25	-8965.25	-8965.25
65	-8965.25	-8965.25	-8965.25	-8965.25
66	-8965.25	-8965.25	-8965.25	-8965.25
67	-8965.25	-8965.25	-8965.25	-8965.25
68	-8965.25	-8965.25	-8965.25	-8965.25
69	-8965.25	-8965.25	-8965.25	-8965.25
70	-8965.25	-8965.25	-8965.25	-8965.25
71	-8965.25	-8965.25	-8965.25	-8965.25
72	-8965.25	-8965.25	-8965.25	-8965.25
73	-8965.25	-8965.25	-8965.25	-8965.25
74	-8965.25	-8965.25	-8965.25	-8965.25
75	-8965.25	-8965.25	-8965.25	-8965.25
76	-8965.25	-8965.25	-8965.25	-8965.25
77	-8965.25	-8965.25	-8965.25	-8965.25
78	-8965.25	-8965.25	-8965.25	-8965.25
79	-8965.25	-8965.25	-8965.25	-8965.25
80	-8965.25	-8965.25	-8965.25	-8965.25
81	-8965.25	-8965.25	-8965.25	-8965.25
82	-8965.25	-8965.25	-8965.25	-8965.25
83	-8965.25	-8965.25	-8965.25	-8965.25
84	-8965.25	-8965.25	-8965.25	-8965.25
85	-8965.25	-8965.25	-8965.25	-8965.25
86	-8965.25	-8965.25	-8965.25	-8965.25
87	-8965.25	-8965.25	-8965.25	-8965.25
88	-8965.25	-8965.25	-8965.25	-8965.25
89	-8965.25	-8965.25	-8965.25	-8965.25
90	-8965.25	-8965.25	-8965.25	-8965.25
91	-8965.25	-8965.25	-8965.25	-8965.25
92	-8965.25	-8965.25	-8965.25	-8965.25
93	-8965.25	-8965.25	-8965.25	-8965.25
94	-8965.25	-8965.25	-8965.25	-8965.25
95	-8965.25	-8965.25	-8965.25	-8965.25
96	-8965.25	-8965.25	-8965.25	-8965.25
97	-8965.25	-8965.25	-8965.25	-8965.25
98	-8965.25	-8965.25	-8965.25	-8965.25
99	-8965.25	-8965.25	-8965.25	-8965.25
100	-8965.25	-8965.25	-8965.25	-8965.25
