1	-5251.57	-5251.57	-5251.57	-5251.57
2	-5251.57	-5251.57	-5251.57	-5251.57
3	-5251.57	-5251.57	-5251.57	-5251.57
4	-5251.57	-5251.57	-5251.57	-5251.57
5	-5251.57	-5251.57	-5251.57	-5251.57
6	-5251.57	-5251.57	-5251.57	-5251.57
7	-5251.57	-5251.57	-5251.57	-5251.57
8	-5251.57	-5251.57	-5251.57	-5251.57
9	-5251.57	-5251.57	-5251.57	-5251.57
10	-5251.57	-5251.57	-5251.57	-5251.57
11	-5251.57	-5251.57	-5251.57	-5251.57
12	-5251.57	-5251.57	-5251.57	-5251.57
13	-5251.57	-5251.57	-5251.57	-5251.57
14	-5251.57	-5251.57	-5251.57	-5251.57
15	-5251.57	-5251.57	-5251.57	-5251.57
16	-5251.57	-5251.57	-5251.57	-5251.57
17	-5251.57	-5251.57	-5251.57	-5251.57
18	-5251.57	-5251.57	-5251.57	-5251.57
19	-5251.57	-5251.57	-5251.57	-5251.57
20	-5251.57	-5251.57	-5251.57	-5251.57
21	-5251.57	-5251.57	-5251.57	-5251.57
22	-5251.57	-5251.57	-5251.57	-5251.57
23	-5251.57	-5251.57	-5251.57	-5251.57
24	-5251.57	-5251.57	-5251.57	-5251.57
25	-5251.57	-5251.57	-5251.57	-5251.57
26	-5251.57	-5251.57	-5251.57	-5251.57
27	-5251.57	-5251.57	-5251.57	-5251.57
28	-5251.57	-5251.57	-5251.57	-5251.57
29	-5251.57	-5251.57	-5251.57	-5251.57
30	-5251.57	-5251.57	-5251.57	-5251.57
31	-5251.57	-5251.57	-5251.57	-5251.57
32	-5251.57	-5251.57	-5251.57	-5251.57
33	-5251.57	-5251.57	-5251.57	-5251.57
34	-5251.57	-5251.57	-5251.57	-5251.57
35	-5251.57	-5251.57	-5251.57	-5251.57
36	-5251.57	-5251.57	-5251.57	-5251.57
37	-5251.57	-5251.57	-5251.57	-5251.57
38	-5251.57	-5251.57	-5251.57	-5251.57
39	-5251.57	-5251.57	-5251.57	-5251.57
40	-5251.57	-5251.57	-5251.57	-5251.57
41	-5251.57	-5251.57	-5251.57	-5251.57
42	-5251.57	-5251.57	-5251.57	-5251.57
43	-5251.57	-5251.57	-5251.57	-5251.57
44	-5251.57	-5251.57	-5251.57	-5251.57
45	-5251.57	-5251.57	-5251.57	-5251.57
46	-5251.57	-5251.57	-5251.57	-5251.57
47	-5251.57	-5251.57	-5251.57	-5251.57
48	-5251.57	-5251.57	-5251.57	-5251.57
49	-5251.57	-5251.57	-5251.57	-5251.57
50	-5251.57	-5251.57	-5251.57	-5251.57
51	-5251.57	-5251.57	-5251.57	-5251.57
52	-5251.57	-5251.57	-5251.57	-5251.57
53	-5251.57	-5251.57	-5251.57	-5251.57
54	-5251.57	-5251.57	-5251.57	-5251.57
55	-5251.57	-5251.57	-5251.57	-5251.57
56	-5251.57	-5251.57	-5251.57	-5251.57
57	-5251.57	-5251.57	-5251.57	-5251.57
58	-5251.57	-5251.57	-5251.57	-5251.57
59	-5251.57	-5251.57	-5251.57	-5251.57
60	-5251.57	-5251.57	-5251.57	-5251.57
61	-5251.57	-5251.57	-5251.57	-5251.57
62	-5251.57	-5251.57	-5251.57	-5251.57
63	-5251.57	-5251.57	-5251.57	-5251.57
64	-5251.57	-5251.57	-5251.57	-5251.57
65	-5251.57	-5251.57	-5251.57	-5251.57
66	-5251.57	-5251.57	-5251.57	-5251.57
67	-5251.57	-5251.57	-5251.57	-5251.57
68	-5251.57	-5251.57	-5251.57	-5251.57
69	-5251.57	-5251.57	-5251.57	-5251.57
70	-5251.57	-5251.57	-5251.57	-5251.57
71	-5251.57	-5251.57	-5251.57	-5251.57
72	-5251.57	-5251.57	-5251.57	-5251.57
73	-5251.57	-5251.57	-5251.57	-5251.57
74	-5251.57	-5251.57	-5251.57	-5251.57
75	-5251.57	-5251.57	-5251.57	-5251.57
76	-5251.57	-5251.57	-5251.57	-5251.57
77	-5251.57	-5251.57	-5251.57	-5251.57
78	-5251.57	-5251.57	-5251.57	-5251.57
79	-5251.57	-5251.57	-5251.57	-5251.57
80	-5251.57	-5251.57	-5251.57	-5251.57
81	-5251.57	-5251.57	-5251.57	-5251.57
82	-5251.57	-5251.57	-5251.57	-5251.57
83	-5251.57	-5251.57	-5251.57	-5251.57
84	-5251.57	-5251.57	-5251.57	-5251.57
85	-5251.57	-5251.57	-5251.57	-5251.57
86	-5251.57	-5251.57	-5251.57	-5251.57
87	-5251.57	-5251.57	-5251.57	-5251.57
88	-5251.57	-5251.57	-5251.57	-5251.57
89	-5251.57	-5251.57	-5251.57	-5251.57
90	-5251.57	-5251.57	-5251.57	-5251.57
91	-5251.57	-5251.57	-5251.57	-5251.57
92	-5251.57	-5251.57	-5251.57	-5251.57
93	-5251.57	-5251.57	-5251.57	-5251.57
94	-5251.57	-5251.57	-5251.57	-5251.57
95	-5251.57	-5251.57	-5251.57	-5251.57
96	-5251.57	-5251.57	-5251.57	-5251.57
97	-5251.57	-5251.57	-5251.57	-5251.57
98	-5251.57	-5251.57	-5251.57	-5251.57
99	-5251.57	-5251.57	-5251.57	-5251.57
100	-5251.57	-5251.57	-5251.57	-5251.57
1	-5251.57	-5247.22	-5251.57	-5245.55
2	-5251.57	-5247.22	-5251.57	-5251.57
3	-5251.57	-5251.57	-5251.57	-5251.57
4	-5251.57	-5251.57	-5251.57	-5251.57
5	-5251.57	-5251.57	-5251.57	-5251.57
6	-5251.57	-5251.57	-5251.57	-5251.57
7	-5251.57	-5251.57	-5251.57	-5251.57
8	-5251.57	-5251.57	-5251.57	-5251.57
9	-5251.57	-5251.57	-5251.57	-5251.57
10	-5251.57	-5251.57	-5251.57	-5251.57
11	-5251.57	-5251.57	-5251.57	-5251.57
12	-5251.57	-5251.57	-5251.57	-5251.57
13	-5251.57	-5251.57	-5251.57	-5251.57
14	-5251.57	-5251.57	-5251.57	-5251.57
15	-5251.57	-5251.57	-5251.57	-5251.57
16	-5251.57	-5251.57	-5251.57	-5251.57
17	-5251.57	-5251.57	-5251.57	-5251.57
18	-5251.57	-5251.57	-5251.57	-5251.57
19	-5251.57	-5251.57	-5251.57	-5251.57
20	-5251.57	-5251.57	-5251.57	-5251.57
21	-5251.57	-5251.57	-5251.57	-5251.57
22	-5251.57	-5251.57	-5251.57	-5251.57
23	-5251.57	-5251.57	-5251.57	-5251.57
24	-5251.57	-5251.57	-5251.57	-5251.57
25	-5251.57	-5251.57	-5251.57	-5251.57
26	-5251.57	-5251.57	-5251.57	-5251.57
27	-5251.57	-5251.57	-5251.57	-5251.57
28	-5251.57	-5251.57	-5251.57	-5251.57
29	-5251.57	-5251.57	-5251.57	-5251.57
30	-5251.57	-5251.57	-5251.57	-5251.57
31	-5251.57	-5251.57	-5251.57	-5251.57
32	-5251.57	-5251.57	-5251.57	-5251.57
33	-5251.57	-5251.57	-5251.57	-5251.57
34	-5251.57	-5251.57	-5251.57	-5251.57
35	-5251.57	-5251.57	-5251.57	-5251.57
36	-5251.57	-5251.57	-5251.57	-5251.57
37	-5251.57	-5251.57	-5251.57	-5251.57
38	-5251.57	-5251.57	-5251.57	-5251.57
39	-5251.57	-5251.57	-5251.57	-5251.57
40	-5251.57	-5251.57	-5251.57	-5251.57
41	-5251.57	-5251.57	-5251.57	-5251.57
42	-5251.57	-5251.57	-5251.57	-5251.57
43	-5251.57	-5251.57	-5251.57	-5251.57
44	-5251.57	-5251.57	-5251.57	-5251.57
45	-5251.57	-5251.57	-5251.57	-5251.57
46	-5251.57	-5251.57	-5251.57	-5251.57
47	-5251.57	-5251.57	-5251.57	-5251.57
48	-5251.57	-5251.57	-5251.57	-5251.57
49	-5251.57	-5251.57	-5251.57	-5251.57
50	-5251.57	-5251.57	-5251.57	-5251.57
51	-5251.57	-5251.57	-5251.57	-5251.57
52	-5251.57	-5251.57	-5251.57	-5251.57
53	-5251.57	-5251.57	-5251.57	-5251.57
54	-5251.57	-5251.57	-5251.57	-5251.57
55	-5251.57	-5251.57	-5251.57	-5251.57
56	-5251.57	-5251.57	-5251.57	-5251.57
57	-5251.57	-5251.57	-5251.57	-5251.57
58	-5251.57	-5251.57	-5251.57	-5251.57
59	-5251.57	-5251.57	-5251.57	-5251.57
60	-5251.57	-5251.57	-5251.57	-5251.57
61	-5251.57	-5251.57	-5251.57	-5251.57
62	-5251.57	-5251.57	-5251.57	-5251.57
63	-5251.57	-5251.57	-5251.57	-5251.57
64	-5251.57	-5251.57	-5251.57	-5251.57
65	-5251.57	-5251.57	-5251.57	-5251.57
66	-5251.57	-5251.57	-5251.57	-5251.57
67	-5251.57	-5251.57	-5251.57	-5251.57
68	-5251.57	-5251.57	-5251.57	-5251.57
69	-5251.57	-5251.57	-5251.57	-5251.57
70	-5251.57	-5251.57	-5251.57	-5251.57
71	-5251.57	-5251.57	-5251.57	-5251.57
72	-5251.57	-5251.57	-5251.57	-5251.57
73	-5251.57	-5251.57	-5251.57	-5251.57
74	-5251.57	-5251.57	-5251.57	-5251.57
75	-5251.57	-5251.57	-5251.57	-5251.57
76	-5251.57	-5251.57	-5251.57	-5251.57
77	-5251.57	-5251.57	-5251.57	-5251.57
78	-5251.57	-5251.57	-5251.57	-5251.57
79	-5251.57	-5251.57	-5251.57	-5251.57
80	-5251.57	-5251.57	-5251.57	-5251.57
81	-5251.57	-5251.57	-5251.57	-5251.57
82	-5251.57	-5251.57	-5251.57	-5251.57
83	-5251.57	-5251.57	-5251.57	-5251.57
84	-5251.57	-5251.57	-5251.57	-5251.57
85	-5251.57	-5251.57	-5251.57	-5251.57
86	-5251.57	-5251.57	-5251.57	-5251.57
87	-5251.57	-5251.57	-5251.57	-5251.57
88	-5251.57	-5251.57	-5251.57	-5251.57
89	-5251.57	-5251.57	-5251.57	-5251.57
90	-5251.57	-5251.57	-5251.57	-5251.57
91	-5251.57	-5251.57	-5251.57	-5251.57
92	-5251.57	-5251.57	-5251.57	-5251.57
93	-5251.57	-5251.57	-5251.57	-5251.57
94	-5251.57	-5251.57	-5251.57	-5251.57
95	-5251.57	-5251.57	-5251.57	-5251.57
96	-5251.57	-5251.57	-5251.57	-5251.57
97	-5251.57	-5251.57	-5251.57	-5251.57
98	-5251.57	-5251.57	-5251.57	-5251.57
99	-5251.57	-5251.57	-5251.57	-5251.57
100	-5251.57	-5251.57	-5251.57	-5251.57
1	-5251.57	-5251.57	-5251.57	-5237.99
2	-5251.57	-5251.57	-5251.57	-5247.22
3	-5251.57	-5251.57	-5251.57	-5247.22
4	-5251.57	-5251.57	-5251.57	-5247.22
5	-5251.57	-5251.57	-5251.57	-5251.57
6	-5251.57	-5251.57	-5251.57	-5251.57
7	-5251.57	-5251.57	-5251.57	-5251.57
8	-5251.57	-5251.57	-5251.57	-5251.57
9	-5251.57	-5251.57	-5251.57	-5251.57
10	-5251.57	-5251.57	-5251.57	-5251.57
11	-5251.57	-5251.57	-5251.57	-5251.57
12	-5251.57	-5251.57	-5251.57	-5251.57
13	-5251.57	-5251.57	-5251.57	-5251.57
14	-5251.57	-5251.57	-5251.57	-5251.57
15	-5251.57	-5251.57	-5251.57	-5251.57
16	-5251.57	-5251.57	-5251.57	-5251.57
17	-5251.57	-5251.57	-5251.57	-5251.57
18	-5251.57	-5251.57	-5251.57	-5251.57
19	-5251.57	-5251.57	-5251.57	-5251.57
20	-5251.57	-5251.57	-5251.57	-5251.57
21	-5251.57	-5251.57	-5251.57	-5251.57
22	-5251.57	-5251.57	-5251.57	-5251.57
23	-5251.57	-5251.57	-5251.57	-5251.57
24	-5251.57	-5251.57	-5251.57	-5251.57
25	-5251.57	-5251.57	-5251.57	-5251.57
26	-5251.57	-5251.57	-5251.57	-5251.57
27	-5251.57	-5251.57	-5251.57	-5251.57
28	-5251.57	-5251.57	-5251.57	-5251.57
29	-5251.57	-5251.57	-5251.57	-5251.57
30	-5251.57	-5251.57	-5251.57	-5251.57
31	-5251.57	-5251.57	-5251.57	-5251.57
32	-5251.57	-5251.57	-5251.57	-5251.57
33	-5251.57	-5251.57	-5251.57	-5251.57
34	-5251.57	-5251.57	-5251.57	-5251.57
35	-5251.57	-5251.57	-5251.57	-5251.57
36	-5251.57	-5251.57	-5251.57	-5251.57
37	-5251.57	-5251.57	-5251.57	-5251.57
38	-5251.57	-5251.57	-5251.57	-5251.57
39	-5251.57	-5251.57	-5251.57	-5251.57
40	-5251.57	-5251.57	-5251.57	-5251.57
41	-5251.57	-5251.57	-5251.57	-5251.57
42	-5251.57	-5251.57	-5251.57	-5251.57
43	-5251.57	-5251.57	-5251.57	-5251.57
44	-5251.57	-5251.57	-5251.57	-5251.57
45	-5251.57	-5251.57	-5251.57	-5251.57
46	-5251.57	-5251.57	-5251.57	-5251.57
47	-5251.57	-5251.57	-5251.57	-5251.57
48	-5251.57	-5251.57	-5251.57	-5251.57
49	-5251.57	-5251.57	-5251.57	-5251.57
50	-5251.57	-5251.57	-5251.57	-5251.57
51	-5251.57	-5251.57	-5251.57	-5251.57
52	-5251.57	-5251.57	-5251.57	-5251.57
53	-5251.57	-5251.57	-5251.57	-5251.57
54	-5251.57	-5251.57	-5251.57	-5251.57
55	-5251.57	-5251.57	-5251.57	-5251.57
56	-5251.57	-5251.57	-5251.57	-5251.57
57	-5251.57	-5251.57	-5251.57	-5251.57
58	-5251.57	-5251.57	-5251.57	-5251.57
59	-5251.57	-5251.57	-5251.57	-5251.57
60	-5251.57	-5251.57	-5251.57	-5251.57
61	-5251.57	-5251.57	-5251.57	-5251.57
62	-5251.57	-5251.57	-5251.57	-5251.57
63	-5251.57	-5251.57	-5251.57	-5251.57
64	-5251.57	-5251.57	-5251.57	-5251.57
65	-5251.57	-5251.57	-5251.57	-5251.57
66	-5251.57	-5251.57	-5251.57	-5251.57
67	-5251.57	-5251.57	-5251.57	-5251.57
68	-5251.57	-5251.57	-5251.57	-5251.57
69	-5251.57	-5251.57	-5251.57	-5251.57
70	-5251.57	-5251.57	-5251.57	-5251.57
71	-5251.57	-5251.57	-5251.57	-5251.57
72	-5251.57	-5251.57	-5251.57	-5251.57
73	-5251.57	-5251.57	-5251.57	-5251.57
74	-5251.57	-5251.57	-5251.57	-5251.57
75	-5251.57	-5251.57	-5251.57	-5251.57
76	-5251.57	-5251.57	-5251.57	-5251.57
77	-5251.57	-5251.57	-5251.57	-5251.57
78	-5251.57	-5251.57	-5251.57	-5251.57
79	-5251.57	-5251.57	-5251.57	-5251.57
80	-5251.57	-5251.57	-5251.57	-5251.57
81	-5251.57	-5251.57	-5251.57	-5251.57
82	-5251.57	-5251.57	-5251.57	-5251.57
83	-5251.57	-5251.57	-5251.57	-5251.57
84	-5251.57	-5251.57	-5251.57	-5251.57
85	-5251.57	-5251.57	-5251.57	-5251.57
86	-5251.57	-5251.57	-5251.57	-5251.57
87	-5251.57	-5251.57	-5251.57	-5251.57
88	-5251.57	-5251.57	-5251.57	-5251.57
89	-5251.57	-5251.57	-5251.57	-5251.57
90	-5251.57	-5251.57	-5251.57	-5251.57
91	-5251.57	-5251.57	-5251.57	-5251.57
92	-5251.57	-5251.57	-5251.57	-5251.57
93	-5251.57	-5251.57	-5251.57	-5251.57
94	-5251.57	-5251.57	-5251.57	-5251.57
95	-5251.57	-5251.57	-5251.57	-5251.57
96	-5251.57	-5251.57	-5251.57	-5251.57
97	-5251.57	-5251.57	-5251.57	-5251.57
98	-5251.57	-5251.57	-5251.57	-5251.57
99	-5251.57	-5251.57	-5251.57	-5251.57
100	-5251.57	-5251.57	-5251.57	-5251.57
