1	-9844.43	-9841.92	-9844.43	-9830.79
2	-9845.15	-9841.92	-9845.15	-9836.69
3	-9845.15	-9841.92	-9845.15	-9836.93
4	-9845.15	-9841.92	-9845.15	-9839.71
5	-9845.15	-9841.92	-9845.15	-9839.71
6	-9849.68	-9849.68	-9845.15	-9846.89
7	-9856.35	-9849.68	-9856.35	-9846.89
8	-9857.86	-9849.68	-9857.86	-9846.89
9	-9860.47	-9849.68	-9860.47	-9846.89
10	-9860.47	-9854.03	-9860.47	-9854.95
11	-9862.68	-9854.03	-9862.68	-9854.95
12	-9862.68	-9854.03	-9862.68	-9854.95
13	-9862.68	-9856.69	-9862.68	-9854.95
14	-9862.68	-9856.69	-9862.68	-9858.76
15	-9868.46	-9856.69	-9862.68	-9868.46
16	-9872.23	-9856.69	-9863.13	-9872.23
17	-9872.23	-9856.69	-9863.13	-9872.23
18	-9878.48	-9856.69	-9863.13	-9878.48
19	-9878.48	-9859.04	-9863.13	-9878.48
20	-9878.48	-9878.48	-9878.48	-9878.48
21	-9878.48	-9878.48	-9878.48	-9878.48
22	-9878.48	-9878.48	-9878.48	-9878.48
23	-9879.73	-9879.6	-9879.73	-9878.48
24	-9881.89	-9881.89	-9879.73	-9879.2
25	-9882.75	-9882.09	-9882.75	-9879.2
26	-9882.75	-9882.09	-9882.75	-9879.2
27	-9882.91	-9882.09	-9882.91	-9879.2
28	-9882.91	-9882.09	-9882.91	-9879.2
29	-9882.91	-9882.09	-9882.91	-9879.2
30	-9882.91	-9882.09	-9882.91	-9880.93
31	-9888.32	-9888.32	-9882.91	-9880.93
32	-9888.32	-9888.32	-9882.91	-9880.93
33	-9888.77	-9888.77	-9882.91	-9880.93
34	-9888.77	-9888.77	-9882.91	-9880.93
35	-9889.45	-9889.45	-9882.91	-9882.85
36	-9889.45	-9889.45	-9885.29	-9882.85
37	-9889.45	-9889.45	-9885.29	-9882.85
38	-9889.45	-9889.45	-9885.52	-9882.85
39	-9889.45	-9889.45	-9885.52	-9882.85
40	-9889.45	-9889.45	-9889.45	-9889.45
41	-9889.45	-9889.45	-9889.45	-9889.45
42	-9889.45	-9889.45	-9889.45	-9889.45
43	-9891.64	-9890.11	-9891.64	-9889.45
44	-9891.64	-9890.11	-9891.64	-9889.45
45	-9891.64	-9890.11	-9891.64	-9889.45
46	-9892.17	-9891.78	-9892.17	-9889.45
47	-9892.17	-9891.78	-9892.17	-9889.45
48	-9892.17	-9891.78	-9892.17	-9889.53
49	-9892.17	-9891.78	-9892.17	-9890.61
50	-9892.17	-9891.78	-9892.17	-9890.61
51	-9892.17	-9891.78	-9892.17	-9890.61
52	-9892.17	-9891.78	-9892.17	-9890.61
53	-9892.17	-9891.78	-9892.17	-9890.61
54	-9892.17	-9891.78	-9892.17	-9890.61
55	-9892.17	-9891.78	-9892.17	-9890.61
56	-9892.17	-9891.78	-9892.17	-9890.61
57	-9892.17	-9891.78	-9892.17	-9890.61
58	-9892.17	-9891.78	-9892.17	-9890.61
59	-9892.17	-9891.78	-9892.17	-9890.61
60	-9892.17	-9892.17	-9892.17	-9892.17
61	-9892.17	-9892.17	-9892.17	-9892.17
62	-9892.86	-9892.86	-9892.17	-9892.17
63	-9892.86	-9892.86	-9892.17	-9892.17
64	-9892.86	-9892.86	-9892.17	-9892.17
65	-9892.86	-9892.86	-9892.17	-9892.17
66	-9892.86	-9892.86	-9892.17	-9892.17
67	-9892.86	-9892.86	-9892.17	-9892.17
68	-9892.86	-9892.86	-9892.64	-9892.17
69	-9892.86	-9892.86	-9892.64	-9892.17
70	-9892.86	-9892.86	-9892.64	-9892.17
71	-9892.86	-9892.86	-9892.64	-9892.17
72	-9892.86	-9892.86	-9892.64	-9892.17
73	-9892.86	-9892.86	-9892.64	-9892.17
74	-9892.86	-9892.86	-9892.64	-9892.17
75	-9892.86	-9892.86	-9892.64	-9892.17
76	-9892.86	-9892.86	-9892.64	-9892.17
77	-9892.86	-9892.86	-9892.64	-9892.17
78	-9892.86	-9892.86	-9892.86	-9892.17
79	-9892.86	-9892.86	-9892.86	-9892.17
80	-9892.86	-9892.86	-9892.86	-9892.86
81	-9892.86	-9892.86	-9892.86	-9892.86
82	-9892.86	-9892.86	-9892.86	-9892.86
83	-9892.86	-9892.86	-9892.86	-9892.86
84	-9892.86	-9892.86	-9892.86	-9892.86
85	-9892.86	-9892.86	-9892.86	-9892.86
86	-9892.86	-9892.86	-9892.86	-9892.86
87	-9892.86	-9892.86	-9892.86	-9892.86
88	-9892.86	-9892.86	-9892.86	-9892.86
89	-9892.86	-9892.86	-9892.86	-9892.86
90	-9892.86	-9892.86	-9892.86	-9892.86
91	-9892.86	-9892.86	-9892.86	-9892.86
92	-9892.86	-9892.86	-9892.86	-9892.86
93	-9892.86	-9892.86	-9892.86	-9892.86
94	-9892.86	-9892.86	-9892.86	-9892.86
95	-9892.86	-9892.86	-9892.86	-9892.86
96	-9892.86	-9892.86	-9892.86	-9892.86
97	-9892.86	-9892.86	-9892.86	-9892.86
98	-9892.86	-9892.86	-9892.86	-9892.86
99	-9892.86	-9892.86	-9892.86	-9892.86
100	-9892.86	-9892.86	-9892.86	-9892.86
1	-9833.15	-9831.58	-9832.09	-9833.15
2	-9858.87	-9831.58	-9858.87	-9833.15
3	-9859.83	-9831.58	-9859.83	-9845.88
4	-9859.83	-9837.05	-9859.83	-9847.18
5	-9859.83	-9837.05	-9859.83	-9857.1
6	-9859.83	-9837.07	-9859.83	-9857.1
7	-9862.5	-9853.76	-9862.5	-9857.1
8	-9862.5	-9853.76	-9862.5	-9857.35
9	-9863.85	-9853.76	-9863.85	-9857.35
10	-9863.85	-9859.17	-9863.85	-9857.35
11	-9863.85	-9859.17	-9863.85	-9857.35
12	-9863.85	-9859.17	-9863.85	-9862.33
13	-9863.85	-9859.17	-9863.85	-9862.33
14	-9863.96	-9860.69	-9863.96	-9862.33
15	-9867.06	-9860.69	-9867.06	-9862.33
16	-9869.28	-9860.69	-9869.28	-9862.33
17	-9873.27	-9860.69	-9873.27	-9862.33
18	-9873.27	-9860.69	-9873.27	-9862.33
19	-9875.37	-9860.69	-9875.37	-9862.33
20	-9875.37	-9875.37	-9875.37	-9875.37
21	-9875.89	-9875.37	-9875.89	-9875.37
22	-9877.62	-9875.37	-9875.91	-9877.62
23	-9878.17	-9875.37	-9878.17	-9877.62
24	-9879.94	-9878.71	-9879.94	-9877.62
25	-9879.94	-9878.71	-9879.94	-9877.62
26	-9883.32	-9883.32	-9879.94	-9877.62
27	-9883.32	-9883.32	-9879.94	-9878.26
28	-9883.48	-9883.32	-9883.48	-9879.48
29	-9883.48	-9883.32	-9883.48	-9879.48
30	-9883.48	-9883.32	-9883.48	-9879.48
31	-9887.05	-9887.05	-9883.48	-9879.48
32	-9887.05	-9887.05	-9883.56	-9880.47
33	-9888.52	-9887.05	-9888.52	-9880.47
34	-9888.52	-9887.05	-9888.52	-9880.47
35	-9888.52	-9887.2	-9888.52	-9880.47
36	-9888.52	-9887.2	-9888.52	-9880.47
37	-9888.52	-9887.2	-9888.52	-9880.47
38	-9888.52	-9887.2	-9888.52	-9880.47
39	-9888.52	-9887.2	-9888.52	-9881.21
40	-9888.52	-9888.52	-9888.52	-9888.52
41	-9888.52	-9888.52	-9888.52	-9888.52
42	-9891.58	-9891.58	-9888.52	-9888.52
43	-9891.58	-9891.58	-9889.79	-9888.52
44	-9891.58	-9891.58	-9889.79	-9888.52
45	-9891.58	-9891.58	-9889.79	-9888.52
46	-9892.14	-9892.14	-9889.79	-9888.52
47	-9892.14	-9892.14	-9889.79	-9888.52
48	-9892.14	-9892.14	-9889.79	-9888.52
49	-9892.14	-9892.14	-9889.79	-9889
50	-9892.14	-9892.14	-9889.79	-9889
51	-9892.14	-9892.14	-9889.79	-9889
52	-9892.14	-9892.14	-9889.79	-9889
53	-9892.14	-9892.14	-9889.79	-9889
54	-9892.16	-9892.16	-9889.79	-9889
55	-9892.16	-9892.16	-9889.79	-9889
56	-9892.16	-9892.16	-9889.79	-9889
57	-9892.16	-9892.16	-9889.79	-9889
58	-9892.16	-9892.16	-9889.79	-9889
59	-9892.16	-9892.16	-9889.79	-9889
60	-9892.16	-9892.16	-9892.16	-9892.16
61	-9892.16	-9892.16	-9892.16	-9892.16
62	-9892.64	-9892.16	-9892.64	-9892.16
63	-9892.64	-9892.16	-9892.64	-9892.16
64	-9892.64	-9892.16	-9892.64	-9892.17
65	-9892.64	-9892.16	-9892.64	-9892.17
66	-9892.64	-9892.16	-9892.64	-9892.17
67	-9892.64	-9892.16	-9892.64	-9892.17
68	-9892.64	-9892.16	-9892.64	-9892.17
69	-9892.64	-9892.18	-9892.64	-9892.17
70	-9892.64	-9892.18	-9892.64	-9892.17
71	-9892.64	-9892.18	-9892.64	-9892.17
72	-9892.64	-9892.18	-9892.64	-9892.17
73	-9892.64	-9892.18	-9892.64	-9892.17
74	-9892.64	-9892.18	-9892.64	-9892.17
75	-9892.86	-9892.18	-9892.64	-9892.86
76	-9892.86	-9892.18	-9892.64	-9892.86
77	-9892.86	-9892.26	-9892.64	-9892.86
78	-9892.86	-9892.26	-9892.64	-9892.86
79	-9892.86	-9892.26	-9892.64	-9892.86
80	-9892.86	-9892.86	-9892.86	-9892.86
81	-9892.86	-9892.86	-9892.86	-9892.86
82	-9892.86	-9892.86	-9892.86	-9892.86
83	-9892.86	-9892.86	-9892.86	-9892.86
84	-9892.86	-9892.86	-9892.86	-9892.86
85	-9892.86	-9892.86	-9892.86	-9892.86
86	-9892.86	-9892.86	-9892.86	-9892.86
87	-9892.86	-9892.86	-9892.86	-9892.86
88	-9892.86	-9892.86	-9892.86	-9892.86
89	-9892.86	-9892.86	-9892.86	-9892.86
90	-9892.86	-9892.86	-9892.86	-9892.86
91	-9892.86	-9892.86	-9892.86	-9892.86
92	-9892.86	-9892.86	-9892.86	-9892.86
93	-9892.86	-9892.86	-9892.86	-9892.86
94	-9892.86	-9892.86	-9892.86	-9892.86
95	-9892.86	-9892.86	-9892.86	-9892.86
96	-9892.86	-9892.86	-9892.86	-9892.86
97	-9892.86	-9892.86	-9892.86	-9892.86
98	-9892.86	-9892.86	-9892.86	-9892.86
99	-9892.86	-9892.86	-9892.86	-9892.86
100	-9892.86	-9892.86	-9892.86	-9892.86
1	-9837.76	-9828.05	-9837.76	-9835.8
2	-9843.93	-9835.76	-9837.76	-9843.93
3	-9847.96	-9837.01	-9838.77	-9847.96
4	-9847.96	-9842.54	-9843.67	-9847.96
5	-9847.96	-9842.54	-9843.67	-9847.96
6	-9847.96	-9845.3	-9843.67	-9847.96
7	-9852.36	-9845.3	-9852.36	-9850.41
8	-9852.36	-9846.74	-9852.36	-9850.41
9	-9852.36	-9846.74	-9852.36	-9852.15
10	-9856.95	-9846.74	-9852.36	-9856.95
11	-9856.95	-9848.48	-9852.36	-9856.95
12	-9857.75	-9848.48	-9856.38	-9857.75
13	-9857.75	-9849.82	-9856.38	-9857.75
14	-9857.75	-9849.82	-9856.38	-9857.75
15	-9857.75	-9849.82	-9856.38	-9857.75
16	-9857.75	-9849.82	-9856.38	-9857.75
17	-9858.99	-9849.82	-9858.99	-9857.75
18	-9858.99	-9849.82	-9858.99	-9857.75
19	-9858.99	-9849.82	-9858.99	-9857.75
20	-9858.99	-9858.99	-9858.99	-9858.99
21	-9864.09	-9858.99	-9863.51	-9864.09
22	-9867.19	-9865.63	-9867.19	-9864.09
23	-9867.19	-9865.63	-9867.19	-9865.02
24	-9868.18	-9868.18	-9867.19	-9865.02
25	-9868.18	-9868.18	-9868.11	-9865.02
26	-9868.18	-9868.18	-9868.11	-9865.02
27	-9868.18	-9868.18	-9868.11	-9865.02
28	-9874.37	-9874.37	-9868.11	-9865.02
29	-9874.37	-9874.37	-9869.17	-9870.52
30	-9874.37	-9874.37	-9869.17	-9870.52
31	-9874.37	-9874.37	-9869.17	-9870.52
32	-9879.94	-9874.37	-9869.17	-9879.94
33	-9879.94	-9874.37	-9870.01	-9879.94
34	-9888.86	-9874.37	-9870.08	-9888.86
35	-9888.86	-9874.38	-9871.4	-9888.86
36	-9888.86	-9874.38	-9871.4	-9888.86
37	-9889.37	-9874.38	-9871.4	-9889.37
38	-9889.4	-9874.38	-9871.4	-9889.4
39	-9889.4	-9874.38	-9871.4	-9889.4
40	-9889.4	-9889.4	-9889.4	-9889.4
41	-9889.4	-9889.4	-9889.4	-9889.4
42	-9889.4	-9889.4	-9889.4	-9889.4
43	-9889.4	-9889.4	-9889.4	-9889.4
44	-9889.4	-9889.4	-9889.4	-9889.4
45	-9892.17	-9889.43	-9892.17	-9889.4
46	-9892.17	-9889.43	-9892.17	-9889.4
47	-9892.17	-9889.43	-9892.17	-9889.4
48	-9892.17	-9889.43	-9892.17	-9889.4
49	-9892.17	-9889.43	-9892.17	-9889.4
50	-9892.17	-9889.43	-9892.17	-9889.4
51	-9892.48	-9889.43	-9892.48	-9889.4
52	-9892.48	-9889.43	-9892.48	-9889.4
53	-9892.48	-9889.43	-9892.48	-9889.4
54	-9892.48	-9889.43	-9892.48	-9889.4
55	-9892.5	-9889.43	-9892.5	-9889.4
56	-9892.5	-9889.43	-9892.5	-9889.4
57	-9892.5	-9889.43	-9892.5	-9889.4
58	-9892.5	-9889.43	-9892.5	-9889.4
59	-9892.5	-9889.43	-9892.5	-9889.4
60	-9892.5	-9892.5	-9892.5	-9892.5
61	-9892.5	-9892.5	-9892.5	-9892.5
62	-9892.5	-9892.5	-9892.5	-9892.5
63	-9892.5	-9892.5	-9892.5	-9892.5
64	-9892.5	-9892.5	-9892.5	-9892.5
65	-9892.5	-9892.5	-9892.5	-9892.5
66	-9892.5	-9892.5	-9892.5	-9892.5
67	-9892.5	-9892.5	-9892.5	-9892.5
68	-9892.5	-9892.5	-9892.5	-9892.5
69	-9892.5	-9892.5	-9892.5	-9892.5
70	-9892.5	-9892.5	-9892.5	-9892.5
71	-9892.5	-9892.5	-9892.5	-9892.5
72	-9892.78	-9892.5	-9892.78	-9892.5
73	-9892.78	-9892.5	-9892.78	-9892.5
74	-9892.78	-9892.5	-9892.78	-9892.5
75	-9892.78	-9892.5	-9892.78	-9892.5
76	-9892.78	-9892.5	-9892.78	-9892.5
77	-9892.78	-9892.5	-9892.78	-9892.5
78	-9892.78	-9892.78	-9892.78	-9892.5
79	-9892.78	-9892.78	-9892.78	-9892.5
80	-9892.78	-9892.78	-9892.78	-9892.78
81	-9892.78	-9892.78	-9892.78	-9892.78
82	-9892.78	-9892.78	-9892.78	-9892.78
83	-9892.78	-9892.78	-9892.78	-9892.78
84	-9892.78	-9892.78	-9892.78	-9892.78
85	-9893.01	-9892.78	-9893.01	-9892.78
86	-9893.01	-9892.78	-9893.01	-9892.78
87	-9893.01	-9892.78	-9893.01	-9892.78
88	-9893.01	-9892.78	-9893.01	-9892.78
89	-9893.01	-9892.78	-9893.01	-9892.78
90	-9893.01	-9892.78	-9893.01	-9892.78
91	-9893.01	-9892.78	-9893.01	-9892.78
92	-9893.01	-9892.78	-9893.01	-9892.78
93	-9893.01	-9892.78	-9893.01	-9892.78
94	-9893.01	-9892.78	-9893.01	-9892.78
95	-9893.01	-9892.78	-9893.01	-9892.78
96	-9893.01	-9892.78	-9893.01	-9892.78
97	-9893.01	-9892.78	-9893.01	-9892.78
98	-9893.01	-9892.78	-9893.01	-9892.78
99	-9893.01	-9892.78	-9893.01	-9892.78
100	-9893.01	-9893.01	-9893.01	-9893.01
