1	-125.002	-124.581	-125.002	-124.521
2	-125.036	-124.581	-125.036	-124.591
3	-125.091	-125.091	-125.036	-124.591
4	-125.091	-125.091	-125.072	-124.718
5	-125.188	-125.188	-125.072	-124.718
6	-125.188	-125.188	-125.072	-124.844
7	-125.188	-125.188	-125.08	-124.945
8	-125.188	-125.188	-125.08	-124.991
9	-125.188	-125.188	-125.08	-124.991
10	-125.188	-125.188	-125.08	-125.027
11	-125.215	-125.188	-125.08	-125.215
12	-125.417	-125.252	-125.417	-125.215
13	-125.417	-125.252	-125.417	-125.215
14	-125.417	-125.252	-125.417	-125.293
15	-125.417	-125.252	-125.417	-125.293
16	-125.793	-125.252	-125.417	-125.793
17	-125.793	-125.252	-125.417	-125.793
18	-125.793	-125.252	-125.417	-125.793
19	-125.793	-125.252	-125.417	-125.793
20	-125.793	-125.793	-125.793	-125.793
21	-125.793	-125.793	-125.793	-125.793
22	-125.793	-125.793	-125.793	-125.793
23	-125.794	-125.793	-125.793	-125.794
24	-125.794	-125.793	-125.793	-125.794
25	-125.794	-125.793	-125.793	-125.794
26	-125.794	-125.793	-125.793	-125.794
27	-125.794	-125.793	-125.793	-125.794
28	-125.794	-125.793	-125.793	-125.794
29	-125.794	-125.793	-125.793	-125.794
30	-125.794	-125.793	-125.793	-125.794
31	-125.794	-125.793	-125.793	-125.794
32	-125.794	-125.794	-125.793	-125.794
33	-125.794	-125.794	-125.793	-125.794
34	-125.794	-125.794	-125.793	-125.794
35	-125.794	-125.794	-125.793	-125.794
36	-125.794	-125.794	-125.793	-125.794
37	-125.794	-125.794	-125.793	-125.794
38	-125.794	-125.794	-125.793	-125.794
39	-125.794	-125.794	-125.793	-125.794
40	-125.794	-125.794	-125.794	-125.794
41	-125.823	-125.794	-125.823	-125.794
42	-125.823	-125.794	-125.823	-125.794
43	-125.823	-125.794	-125.823	-125.794
44	-125.823	-125.794	-125.823	-125.823
45	-125.823	-125.794	-125.823	-125.823
46	-125.823	-125.794	-125.823	-125.823
47	-125.823	-125.794	-125.823	-125.823
48	-125.823	-125.794	-125.823	-125.823
49	-125.823	-125.794	-125.823	-125.823
50	-125.823	-125.794	-125.823	-125.823
51	-125.823	-125.794	-125.823	-125.823
52	-125.846	-125.794	-125.846	-125.823
53	-125.846	-125.794	-125.846	-125.823
54	-125.846	-125.794	-125.846	-125.823
55	-125.846	-125.794	-125.846	-125.823
56	-125.846	-125.794	-125.846	-125.823
57	-125.846	-125.794	-125.846	-125.823
58	-125.846	-125.794	-125.846	-125.823
59	-125.846	-125.794	-125.846	-125.826
60	-125.851	-125.851	-125.851	-125.851
61	-125.851	-125.851	-125.851	-125.851
62	-125.851	-125.851	-125.851	-125.851
63	-125.851	-125.851	-125.851	-125.851
64	-125.851	-125.851	-125.851	-125.851
65	-125.851	-125.851	-125.851	-125.851
66	-125.854	-125.851	-125.854	-125.851
67	-125.854	-125.851	-125.854	-125.851
68	-125.854	-125.851	-125.854	-125.851
69	-125.854	-125.851	-125.854	-125.851
70	-125.854	-125.851	-125.854	-125.853
71	-125.854	-125.851	-125.854	-125.853
72	-125.854	-125.851	-125.854	-125.853
73	-125.854	-125.851	-125.854	-125.853
74	-125.854	-125.851	-125.854	-125.853
75	-125.854	-125.851	-125.854	-125.853
76	-125.854	-125.851	-125.854	-125.853
77	-125.854	-125.851	-125.854	-125.853
78	-125.854	-125.854	-125.854	-125.853
79	-125.854	-125.854	-125.854	-125.853
80	-125.854	-125.854	-125.854	-125.854
81	-125.854	-125.854	-125.854	-125.854
82	-125.854	-125.854	-125.854	-125.854
83	-125.854	-125.854	-125.854	-125.854
84	-125.854	-125.854	-125.854	-125.854
85	-125.854	-125.854	-125.854	-125.854
86	-125.854	-125.854	-125.854	-125.854
87	-125.854	-125.854	-125.854	-125.854
88	-125.854	-125.854	-125.854	-125.854
89	-125.854	-125.854	-125.854	-125.854
90	-125.854	-125.854	-125.854	-125.854
91	-125.854	-125.854	-125.854	-125.854
92	-125.854	-125.854	-125.854	-125.854
93	-125.854	-125.854	-125.854	-125.854
94	-125.854	-125.854	-125.854	-125.854
95	-125.854	-125.854	-125.854	-125.854
96	-125.854	-125.854	-125.854	-125.854
97	-125.854	-125.854	-125.854	-125.854
98	-125.854	-125.854	-125.854	-125.854
99	-125.854	-125.854	-125.854	-125.854
100	-125.854	-125.854	-125.854	-125.854
1	-124.686	-124.481	-124.549	-124.686
2	-124.74	-124.602	-124.74	-124.686
3	-124.913	-124.913	-124.744	-124.715
4	-124.913	-124.913	-124.801	-124.869
5	-125.077	-124.913	-125.077	-124.992
6	-125.077	-124.913	-125.077	-124.992
7	-125.077	-124.913	-125.077	-124.992
8	-125.15	-124.913	-125.15	-124.992
9	-125.199	-124.913	-125.199	-125.056
10	-125.199	-124.931	-125.199	-125.056
11	-125.199	-124.931	-125.199	-125.056
12	-125.249	-124.931	-125.199	-125.249
13	-125.249	-125.025	-125.203	-125.249
14	-125.249	-125.025	-125.203	-125.249
15	-125.249	-125.055	-125.203	-125.249
16	-125.434	-125.055	-125.434	-125.271
17	-125.434	-125.055	-125.434	-125.271
18	-125.434	-125.055	-125.434	-125.271
19	-125.434	-125.055	-125.434	-125.381
20	-125.434	-125.434	-125.434	-125.434
21	-125.434	-125.434	-125.434	-125.434
22	-125.434	-125.434	-125.434	-125.434
23	-125.442	-125.434	-125.442	-125.434
24	-125.442	-125.434	-125.442	-125.434
25	-125.442	-125.434	-125.442	-125.434
26	-125.442	-125.434	-125.442	-125.434
27	-125.442	-125.434	-125.442	-125.434
28	-125.442	-125.434	-125.442	-125.434
29	-125.471	-125.434	-125.442	-125.471
30	-125.471	-125.434	-125.442	-125.471
31	-125.471	-125.434	-125.442	-125.471
32	-125.471	-125.434	-125.442	-125.471
33	-125.471	-125.434	-125.442	-125.471
34	-125.471	-125.434	-125.442	-125.471
35	-125.471	-125.434	-125.442	-125.471
36	-125.483	-125.438	-125.442	-125.483
37	-125.483	-125.459	-125.442	-125.483
38	-125.483	-125.459	-125.442	-125.483
39	-125.506	-125.459	-125.506	-125.483
40	-125.506	-125.506	-125.506	-125.506
41	-125.506	-125.506	-125.506	-125.506
42	-125.506	-125.506	-125.506	-125.506
43	-125.506	-125.506	-125.506	-125.506
44	-125.506	-125.506	-125.506	-125.506
45	-125.506	-125.506	-125.506	-125.506
46	-125.506	-125.506	-125.506	-125.506
47	-125.506	-125.506	-125.506	-125.506
48	-125.506	-125.506	-125.506	-125.506
49	-125.506	-125.506	-125.506	-125.506
50	-125.506	-125.506	-125.506	-125.506
51	-125.506	-125.506	-125.506	-125.506
52	-125.506	-125.506	-125.506	-125.506
53	-125.506	-125.506	-125.506	-125.506
54	-125.506	-125.506	-125.506	-125.506
55	-125.506	-125.506	-125.506	-125.506
56	-125.506	-125.506	-125.506	-125.506
57	-125.506	-125.506	-125.506	-125.506
58	-125.506	-125.506	-125.506	-125.506
59	-125.506	-125.506	-125.506	-125.506
60	-125.506	-125.506	-125.506	-125.506
61	-125.506	-125.506	-125.506	-125.506
62	-125.506	-125.506	-125.506	-125.506
63	-125.506	-125.506	-125.506	-125.506
64	-125.506	-125.506	-125.506	-125.506
65	-125.506	-125.506	-125.506	-125.506
66	-125.506	-125.506	-125.506	-125.506
67	-125.506	-125.506	-125.506	-125.506
68	-125.506	-125.506	-125.506	-125.506
69	-125.506	-125.506	-125.506	-125.506
70	-125.506	-125.506	-125.506	-125.506
71	-125.506	-125.506	-125.506	-125.506
72	-125.506	-125.506	-125.506	-125.506
73	-125.518	-125.506	-125.506	-125.518
74	-125.518	-125.506	-125.506	-125.518
75	-125.544	-125.509	-125.506	-125.544
76	-125.544	-125.509	-125.506	-125.544
77	-125.544	-125.509	-125.506	-125.544
78	-125.544	-125.509	-125.509	-125.544
79	-125.544	-125.509	-125.509	-125.544
80	-125.544	-125.544	-125.544	-125.544
81	-125.544	-125.544	-125.544	-125.544
82	-125.544	-125.544	-125.544	-125.544
83	-125.544	-125.544	-125.544	-125.544
84	-125.544	-125.544	-125.544	-125.544
85	-125.544	-125.544	-125.544	-125.544
86	-125.544	-125.544	-125.544	-125.544
87	-125.544	-125.544	-125.544	-125.544
88	-125.544	-125.544	-125.544	-125.544
89	-125.567	-125.544	-125.567	-125.544
90	-125.567	-125.544	-125.567	-125.544
91	-125.567	-125.544	-125.567	-125.544
92	-125.567	-125.544	-125.567	-125.544
93	-125.567	-125.544	-125.567	-125.544
94	-125.575	-125.544	-125.575	-125.544
95	-125.575	-125.544	-125.575	-125.544
96	-125.575	-125.544	-125.575	-125.544
97	-125.851	-125.544	-125.851	-125.544
98	-125.851	-125.544	-125.851	-125.544
99	-125.851	-125.544	-125.851	-125.682
100	-125.851	-125.851	-125.851	-125.851
1	-124.68	-124.347	-124.579	-124.68
2	-124.714	-124.714	-124.704	-124.68
3	-124.714	-124.714	-124.704	-124.68
4	-124.779	-124.761	-124.779	-124.764
5	-125.039	-124.761	-125.039	-124.764
6	-125.039	-124.946	-125.039	-125.031
7	-125.205	-124.946	-125.205	-125.031
8	-125.205	-124.946	-125.205	-125.031
9	-125.205	-124.946	-125.205	-125.031
10	-125.205	-124.946	-125.205	-125.031
11	-125.205	-125.165	-125.205	-125.031
12	-125.205	-125.165	-125.205	-125.031
13	-125.205	-125.165	-125.205	-125.031
14	-125.301	-125.165	-125.301	-125.031
15	-125.379	-125.165	-125.379	-125.031
16	-125.379	-125.165	-125.379	-125.031
17	-125.379	-125.182	-125.379	-125.031
18	-125.379	-125.182	-125.379	-125.031
19	-125.379	-125.182	-125.379	-125.031
20	-125.409	-125.409	-125.409	-125.409
21	-125.414	-125.409	-125.414	-125.409
22	-125.491	-125.409	-125.414	-125.491
23	-125.491	-125.409	-125.414	-125.491
24	-125.491	-125.409	-125.433	-125.491
25	-125.793	-125.409	-125.433	-125.793
26	-125.793	-125.409	-125.433	-125.793
27	-125.793	-125.409	-125.433	-125.793
28	-125.793	-125.409	-125.433	-125.793
29	-125.793	-125.409	-125.509	-125.793
30	-125.793	-125.409	-125.547	-125.793
31	-125.793	-125.418	-125.547	-125.793
32	-125.793	-125.418	-125.547	-125.793
33	-125.793	-125.42	-125.547	-125.793
34	-125.793	-125.42	-125.547	-125.793
35	-125.793	-125.42	-125.547	-125.793
36	-125.793	-125.42	-125.79	-125.793
37	-125.793	-125.42	-125.79	-125.793
38	-125.793	-125.42	-125.79	-125.793
39	-125.793	-125.42	-125.79	-125.793
40	-125.793	-125.793	-125.793	-125.793
41	-125.823	-125.793	-125.823	-125.793
42	-125.823	-125.793	-125.823	-125.793
43	-125.823	-125.793	-125.823	-125.793
44	-125.823	-125.793	-125.823	-125.793
45	-125.823	-125.793	-125.823	-125.793
46	-125.846	-125.793	-125.846	-125.793
47	-125.846	-125.793	-125.846	-125.793
48	-125.846	-125.793	-125.846	-125.793
49	-125.851	-125.793	-125.846	-125.851
50	-125.851	-125.793	-125.846	-125.851
51	-125.851	-125.793	-125.846	-125.851
52	-125.851	-125.793	-125.846	-125.851
53	-125.851	-125.823	-125.846	-125.851
54	-125.854	-125.823	-125.854	-125.851
55	-125.854	-125.823	-125.854	-125.851
56	-125.854	-125.823	-125.854	-125.851
57	-125.854	-125.823	-125.854	-125.851
58	-125.854	-125.823	-125.854	-125.851
59	-125.854	-125.823	-125.854	-125.851
60	-125.854	-125.854	-125.854	-125.854
61	-125.854	-125.854	-125.854	-125.854
62	-125.854	-125.854	-125.854	-125.854
63	-125.854	-125.854	-125.854	-125.854
64	-125.854	-125.854	-125.854	-125.854
65	-125.854	-125.854	-125.854	-125.854
66	-125.854	-125.854	-125.854	-125.854
67	-125.854	-125.854	-125.854	-125.854
68	-125.854	-125.854	-125.854	-125.854
69	-125.854	-125.854	-125.854	-125.854
70	-125.854	-125.854	-125.854	-125.854
71	-125.854	-125.854	-125.854	-125.854
72	-125.854	-125.854	-125.854	-125.854
73	-125.854	-125.854	-125.854	-125.854
74	-125.854	-125.854	-125.854	-125.854
75	-125.854	-125.854	-125.854	-125.854
76	-125.854	-125.854	-125.854	-125.854
77	-125.854	-125.854	-125.854	-125.854
78	-125.854	-125.854	-125.854	-125.854
79	-125.854	-125.854	-125.854	-125.854
80	-125.854	-125.854	-125.854	-125.854
81	-125.854	-125.854	-125.854	-125.854
82	-125.854	-125.854	-125.854	-125.854
83	-125.854	-125.854	-125.854	-125.854
84	-125.854	-125.854	-125.854	-125.854
85	-125.854	-125.854	-125.854	-125.854
86	-125.854	-125.854	-125.854	-125.854
87	-125.854	-125.854	-125.854	-125.854
88	-125.854	-125.854	-125.854	-125.854
89	-125.854	-125.854	-125.854	-125.854
90	-125.854	-125.854	-125.854	-125.854
91	-125.854	-125.854	-125.854	-125.854
92	-125.854	-125.854	-125.854	-125.854
93	-125.854	-125.854	-125.854	-125.854
94	-125.854	-125.854	-125.854	-125.854
95	-125.854	-125.854	-125.854	-125.854
96	-125.854	-125.854	-125.854	-125.854
97	-125.854	-125.854	-125.854	-125.854
98	-125.854	-125.854	-125.854	-125.854
99	-125.854	-125.854	-125.854	-125.854
100	-125.854	-125.854	-125.854	-125.854
