1	-2956.05	-2956.05	-2954.6	-2944.34
2	-2956.05	-2956.05	-2954.6	-2956.05
3	-2956.05	-2956.05	-2956.05	-2956.05
4	-2956.05	-2956.05	-2956.05	-2956.05
5	-2956.05	-2956.05	-2956.05	-2956.05
6	-2956.05	-2956.05	-2956.05	-2956.05
7	-2956.05	-2956.05	-2956.05	-2956.05
8	-2956.05	-2956.05	-2956.05	-2956.05
9	-2956.05	-2956.05	-2956.05	-2956.05
10	-2956.05	-2956.05	-2956.05	-2956.05
11	-2956.05	-2956.05	-2956.05	-2956.05
12	-2956.05	-2956.05	-2956.05	-2956.05
13	-2956.05	-2956.05	-2956.05	-2956.05
14	-2956.05	-2956.05	-2956.05	-2956.05
15	-2956.05	-2956.05	-2956.05	-2956.05
16	-2956.05	-2956.05	-2956.05	-2956.05
17	-2956.05	-2956.05	-2956.05	-2956.05
18	-2956.05	-2956.05	-2956.05	-2956.05
19	-2956.05	-2956.05	-2956.05	-2956.05
20	-2956.05	-2956.05	-2956.05	-2956.05
21	-2956.05	-2956.05	-2956.05	-2956.05
22	-2956.05	-2956.05	-2956.05	-2956.05
23	-2956.05	-2956.05	-2956.05	-2956.05
24	-2956.05	-2956.05	-2956.05	-2956.05
25	-2956.05	-2956.05	-2956.05	-2956.05
26	-2956.05	-2956.05	-2956.05	-2956.05
27	-2956.05	-2956.05	-2956.05	-2956.05
28	-2956.05	-2956.05	-2956.05	-2956.05
29	-2956.05	-2956.05	-2956.05	-2956.05
30	-2956.05	-2956.05	-2956.05	-2956.05
31	-2956.05	-2956.05	-2956.05	-2956.05
32	-2956.05	-2956.05	-2956.05	-2956.05
33	-2956.05	-2956.05	-2956.05	-2956.05
34	-2956.05	-2956.05	-2956.05	-2956.05
35	-2956.05	-2956.05	-2956.05	-2956.05
36	-2956.05	-2956.05	-2956.05	-2956.05
37	-2956.05	-2956.05	-2956.05	-2956.05
38	-2956.05	-2956.05	-2956.05	-2956.05
39	-2956.05	-2956.05	-2956.05	-2956.05
40	-2956.05	-2956.05	-2956.05	-2956.05
41	-2956.05	-2956.05	-2956.05	-2956.05
42	-2956.05	-2956.05	-2956.05	-2956.05
43	-2956.05	-2956.05	-2956.05	-2956.05
44	-2956.05	-2956.05	-2956.05	-2956.05
45	-2956.05	-2956.05	-2956.05	-2956.05
46	-2956.05	-2956.05	-2956.05	-2956.05
47	-2956.05	-2956.05	-2956.05	-2956.05
48	-2956.05	-2956.05	-2956.05	-2956.05
49	-2956.05	-2956.05	-2956.05	-2956.05
50	-2956.05	-2956.05	-2956.05	-2956.05
51	-2956.05	-2956.05	-2956.05	-2956.05
52	-2956.05	-2956.05	-2956.05	-2956.05
53	-2956.05	-2956.05	-2956.05	-2956.05
54	-2956.05	-2956.05	-2956.05	-2956.05
55	-2956.05	-2956.05	-2956.05	-2956.05
56	-2956.05	-2956.05	-2956.05	-2956.05
57	-2956.05	-2956.05	-2956.05	-2956.05
58	-2956.05	-2956.05	-2956.05	-2956.05
59	-2956.05	-2956.05	-2956.05	-2956.05
60	-2956.05	-2956.05	-2956.05	-2956.05
61	-2956.05	-2956.05	-2956.05	-2956.05
62	-2956.05	-2956.05	-2956.05	-2956.05
63	-2956.05	-2956.05	-2956.05	-2956.05
64	-2956.05	-2956.05	-2956.05	-2956.05
65	-2956.05	-2956.05	-2956.05	-2956.05
66	-2956.05	-2956.05	-2956.05	-2956.05
67	-2956.05	-2956.05	-2956.05	-2956.05
68	-2956.05	-2956.05	-2956.05	-2956.05
69	-2956.05	-2956.05	-2956.05	-2956.05
70	-2956.05	-2956.05	-2956.05	-2956.05
71	-2956.05	-2956.05	-2956.05	-2956.05
72	-2956.05	-2956.05	-2956.05	-2956.05
73	-2956.05	-2956.05	-2956.05	-2956.05
74	-2956.05	-2956.05	-2956.05	-2956.05
75	-2956.05	-2956.05	-2956.05	-2956.05
76	-2956.05	-2956.05	-2956.05	-2956.05
77	-2956.05	-2956.05	-2956.05	-2956.05
78	-2956.05	-2956.05	-2956.05	-2956.05
79	-2956.05	-2956.05	-2956.05	-2956.05
80	-2956.05	-2956.05	-2956.05	-2956.05
81	-2956.05	-2956.05	-2956.05	-2956.05
82	-2956.05	-2956.05	-2956.05	-2956.05
83	-2956.05	-2956.05	-2956.05	-2956.05
84	-2956.05	-2956.05	-2956.05	-2956.05
85	-2956.05	-2956.05	-2956.05	-2956.05
86	-2956.05	-2956.05	-2956.05	-2956.05
87	-2956.05	-2956.05	-2956.05	-2956.05
88	-2956.05	-2956.05	-2956.05	-2956.05
89	-2956.05	-2956.05	-2956.05	-2956.05
90	-2956.05	-2956.05	-2956.05	-2956.05
91	-2956.05	-2956.05	-2956.05	-2956.05
92	-2956.05	-2956.05	-2956.05	-2956.05
93	-2956.05	-2956.05	-2956.05	-2956.05
94	-2956.05	-2956.05	-2956.05	-2956.05
95	-2956.05	-2956.05	-2956.05	-2956.05
96	-2956.05	-2956.05	-2956.05	-2956.05
97	-2956.05	-2956.05	-2956.05	-2956.05
98	-2956.05	-2956.05	-2956.05	-2956.05
99	-2956.05	-2956.05	-2956.05	-2956.05
100	-2956.05	-2956.05	-2956.05	-2956.05
1	-2956.05	-2956.05	-2954.6	-2954.6
2	-2956.05	-2956.05	-2954.6	-2956.05
3	-2956.05	-2956.05	-2954.6	-2956.05
4	-2956.05	-2956.05	-2954.6	-2956.05
5	-2956.05	-2956.05	-2956.05	-2956.05
6	-2956.05	-2956.05	-2956.05	-2956.05
7	-2956.05	-2956.05	-2956.05	-2956.05
8	-2956.05	-2956.05	-2956.05	-2956.05
9	-2956.05	-2956.05	-2956.05	-2956.05
10	-2956.05	-2956.05	-2956.05	-2956.05
11	-2956.05	-2956.05	-2956.05	-2956.05
12	-2956.05	-2956.05	-2956.05	-2956.05
13	-2956.05	-2956.05	-2956.05	-2956.05
14	-2956.05	-2956.05	-2956.05	-2956.05
15	-2956.05	-2956.05	-2956.05	-2956.05
16	-2956.05	-2956.05	-2956.05	-2956.05
17	-2956.05	-2956.05	-2956.05	-2956.05
18	-2956.05	-2956.05	-2956.05	-2956.05
19	-2956.05	-2956.05	-2956.05	-2956.05
20	-2956.05	-2956.05	-2956.05	-2956.05
21	-2956.05	-2956.05	-2956.05	-2956.05
22	-2956.05	-2956.05	-2956.05	-2956.05
23	-2956.05	-2956.05	-2956.05	-2956.05
24	-2956.05	-2956.05	-2956.05	-2956.05
25	-2956.05	-2956.05	-2956.05	-2956.05
26	-2956.05	-2956.05	-2956.05	-2956.05
27	-2956.05	-2956.05	-2956.05	-2956.05
28	-2956.05	-2956.05	-2956.05	-2956.05
29	-2956.05	-2956.05	-2956.05	-2956.05
30	-2956.05	-2956.05	-2956.05	-2956.05
31	-2956.05	-2956.05	-2956.05	-2956.05
32	-2956.05	-2956.05	-2956.05	-2956.05
33	-2956.05	-2956.05	-2956.05	-2956.05
34	-2956.05	-2956.05	-2956.05	-2956.05
35	-2956.05	-2956.05	-2956.05	-2956.05
36	-2956.05	-2956.05	-2956.05	-2956.05
37	-2956.05	-2956.05	-2956.05	-2956.05
38	-2956.05	-2956.05	-2956.05	-2956.05
39	-2956.05	-2956.05	-2956.05	-2956.05
40	-2956.05	-2956.05	-2956.05	-2956.05
41	-2956.05	-2956.05	-2956.05	-2956.05
42	-2956.05	-2956.05	-2956.05	-2956.05
43	-2956.05	-2956.05	-2956.05	-2956.05
44	-2956.05	-2956.05	-2956.05	-2956.05
45	-2956.05	-2956.05	-2956.05	-2956.05
46	-2956.05	-2956.05	-2956.05	-2956.05
47	-2956.05	-2956.05	-2956.05	-2956.05
48	-2956.05	-2956.05	-2956.05	-2956.05
49	-2956.05	-2956.05	-2956.05	-2956.05
50	-2956.05	-2956.05	-2956.05	-2956.05
51	-2956.05	-2956.05	-2956.05	-2956.05
52	-2956.05	-2956.05	-2956.05	-2956.05
53	-2956.05	-2956.05	-2956.05	-2956.05
54	-2956.05	-2956.05	-2956.05	-2956.05
55	-2956.05	-2956.05	-2956.05	-2956.05
56	-2956.05	-2956.05	-2956.05	-2956.05
57	-2956.05	-2956.05	-2956.05	-2956.05
58	-2956.05	-2956.05	-2956.05	-2956.05
59	-2956.05	-2956.05	-2956.05	-2956.05
60	-2956.05	-2956.05	-2956.05	-2956.05
61	-2956.05	-2956.05	-2956.05	-2956.05
62	-2956.05	-2956.05	-2956.05	-2956.05
63	-2956.05	-2956.05	-2956.05	-2956.05
64	-2956.05	-2956.05	-2956.05	-2956.05
65	-2956.05	-2956.05	-2956.05	-2956.05
66	-2956.05	-2956.05	-2956.05	-2956.05
67	-2956.05	-2956.05	-2956.05	-2956.05
68	-2956.05	-2956.05	-2956.05	-2956.05
69	-2956.05	-2956.05	-2956.05	-2956.05
70	-2956.05	-2956.05	-2956.05	-2956.05
71	-2956.05	-2956.05	-2956.05	-2956.05
72	-2956.05	-2956.05	-2956.05	-2956.05
73	-2956.05	-2956.05	-2956.05	-2956.05
74	-2956.05	-2956.05	-2956.05	-2956.05
75	-2956.05	-2956.05	-2956.05	-2956.05
76	-2956.05	-2956.05	-2956.05	-2956.05
77	-2956.05	-2956.05	-2956.05	-2956.05
78	-2956.05	-2956.05	-2956.05	-2956.05
79	-2956.05	-2956.05	-2956.05	-2956.05
80	-2956.05	-2956.05	-2956.05	-2956.05
81	-2956.05	-2956.05	-2956.05	-2956.05
82	-2956.05	-2956.05	-2956.05	-2956.05
83	-2956.05	-2956.05	-2956.05	-2956.05
84	-2956.05	-2956.05	-2956.05	-2956.05
85	-2956.05	-2956.05	-2956.05	-2956.05
86	-2956.05	-2956.05	-2956.05	-2956.05
87	-2956.05	-2956.05	-2956.05	-2956.05
88	-2956.05	-2956.05	-2956.05	-2956.05
89	-2956.05	-2956.05	-2956.05	-2956.05
90	-2956.05	-2956.05	-2956.05	-2956.05
91	-2956.05	-2956.05	-2956.05	-2956.05
92	-2956.05	-2956.05	-2956.05	-2956.05
93	-2956.05	-2956.05	-2956.05	-2956.05
94	-2956.05	-2956.05	-2956.05	-2956.05
95	-2956.05	-2956.05	-2956.05	-2956.05
96	-2956.05	-2956.05	-2956.05	-2956.05
97	-2956.05	-2956.05	-2956.05	-2956.05
98	-2956.05	-2956.05	-2956.05	-2956.05
99	-2956.05	-2956.05	-2956.05	-2956.05
100	-2956.05	-2956.05	-2956.05	-2956.05
1	-2956.05	-2954.6	-2954.6	-2956.05
2	-2956.05	-2954.6	-2956.05	-2956.05
3	-2956.05	-2954.6	-2956.05	-2956.05
4	-2956.05	-2956.05	-2956.05	-2956.05
5	-2956.05	-2956.05	-2956.05	-2956.05
6	-2956.05	-2956.05	-2956.05	-2956.05
7	-2956.05	-2956.05	-2956.05	-2956.05
8	-2956.05	-2956.05	-2956.05	-2956.05
9	-2956.05	-2956.05	-2956.05	-2956.05
10	-2956.05	-2956.05	-2956.05	-2956.05
11	-2956.05	-2956.05	-2956.05	-2956.05
12	-2956.05	-2956.05	-2956.05	-2956.05
13	-2956.05	-2956.05	-2956.05	-2956.05
14	-2956.05	-2956.05	-2956.05	-2956.05
15	-2956.05	-2956.05	-2956.05	-2956.05
16	-2956.05	-2956.05	-2956.05	-2956.05
17	-2956.05	-2956.05	-2956.05	-2956.05
18	-2956.05	-2956.05	-2956.05	-2956.05
19	-2956.05	-2956.05	-2956.05	-2956.05
20	-2956.05	-2956.05	-2956.05	-2956.05
21	-2956.05	-2956.05	-2956.05	-2956.05
22	-2956.05	-2956.05	-2956.05	-2956.05
23	-2956.05	-2956.05	-2956.05	-2956.05
24	-2956.05	-2956.05	-2956.05	-2956.05
25	-2956.05	-2956.05	-2956.05	-2956.05
26	-2956.05	-2956.05	-2956.05	-2956.05
27	-2956.05	-2956.05	-2956.05	-2956.05
28	-2956.05	-2956.05	-2956.05	-2956.05
29	-2956.05	-2956.05	-2956.05	-2956.05
30	-2956.05	-2956.05	-2956.05	-2956.05
31	-2956.05	-2956.05	-2956.05	-2956.05
32	-2956.05	-2956.05	-2956.05	-2956.05
33	-2956.05	-2956.05	-2956.05	-2956.05
34	-2956.05	-2956.05	-2956.05	-2956.05
35	-2956.05	-2956.05	-2956.05	-2956.05
36	-2956.05	-2956.05	-2956.05	-2956.05
37	-2956.05	-2956.05	-2956.05	-2956.05
38	-2956.05	-2956.05	-2956.05	-2956.05
39	-2956.05	-2956.05	-2956.05	-2956.05
40	-2956.05	-2956.05	-2956.05	-2956.05
41	-2956.05	-2956.05	-2956.05	-2956.05
42	-2956.05	-2956.05	-2956.05	-2956.05
43	-2956.05	-2956.05	-2956.05	-2956.05
44	-2956.05	-2956.05	-2956.05	-2956.05
45	-2956.05	-2956.05	-2956.05	-2956.05
46	-2956.05	-2956.05	-2956.05	-2956.05
47	-2956.05	-2956.05	-2956.05	-2956.05
48	-2956.05	-2956.05	-2956.05	-2956.05
49	-2956.05	-2956.05	-2956.05	-2956.05
50	-2956.05	-2956.05	-2956.05	-2956.05
51	-2956.05	-2956.05	-2956.05	-2956.05
52	-2956.05	-2956.05	-2956.05	-2956.05
53	-2956.05	-2956.05	-2956.05	-2956.05
54	-2956.05	-2956.05	-2956.05	-2956.05
55	-2956.05	-2956.05	-2956.05	-2956.05
56	-2956.05	-2956.05	-2956.05	-2956.05
57	-2956.05	-2956.05	-2956.05	-2956.05
58	-2956.05	-2956.05	-2956.05	-2956.05
59	-2956.05	-2956.05	-2956.05	-2956.05
60	-2956.05	-2956.05	-2956.05	-2956.05
61	-2956.05	-2956.05	-2956.05	-2956.05
62	-2956.05	-2956.05	-2956.05	-2956.05
63	-2956.05	-2956.05	-2956.05	-2956.05
64	-2956.05	-2956.05	-2956.05	-2956.05
65	-2956.05	-2956.05	-2956.05	-2956.05
66	-2956.05	-2956.05	-2956.05	-2956.05
67	-2956.05	-2956.05	-2956.05	-2956.05
68	-2956.05	-2956.05	-2956.05	-2956.05
69	-2956.05	-2956.05	-2956.05	-2956.05
70	-2956.05	-2956.05	-2956.05	-2956.05
71	-2956.05	-2956.05	-2956.05	-2956.05
72	-2956.05	-2956.05	-2956.05	-2956.05
73	-2956.05	-2956.05	-2956.05	-2956.05
74	-2956.05	-2956.05	-2956.05	-2956.05
75	-2956.05	-2956.05	-2956.05	-2956.05
76	-2956.05	-2956.05	-2956.05	-2956.05
77	-2956.05	-2956.05	-2956.05	-2956.05
78	-2956.05	-2956.05	-2956.05	-2956.05
79	-2956.05	-2956.05	-2956.05	-2956.05
80	-2956.05	-2956.05	-2956.05	-2956.05
81	-2956.05	-2956.05	-2956.05	-2956.05
82	-2956.05	-2956.05	-2956.05	-2956.05
83	-2956.05	-2956.05	-2956.05	-2956.05
84	-2956.05	-2956.05	-2956.05	-2956.05
85	-2956.05	-2956.05	-2956.05	-2956.05
86	-2956.05	-2956.05	-2956.05	-2956.05
87	-2956.05	-2956.05	-2956.05	-2956.05
88	-2956.05	-2956.05	-2956.05	-2956.05
89	-2956.05	-2956.05	-2956.05	-2956.05
90	-2956.05	-2956.05	-2956.05	-2956.05
91	-2956.05	-2956.05	-2956.05	-2956.05
92	-2956.05	-2956.05	-2956.05	-2956.05
93	-2956.05	-2956.05	-2956.05	-2956.05
94	-2956.05	-2956.05	-2956.05	-2956.05
95	-2956.05	-2956.05	-2956.05	-2956.05
96	-2956.05	-2956.05	-2956.05	-2956.05
97	-2956.05	-2956.05	-2956.05	-2956.05
98	-2956.05	-2956.05	-2956.05	-2956.05
99	-2956.05	-2956.05	-2956.05	-2956.05
100	-2956.05	-2956.05	-2956.05	-2956.05
